num_locks: 1
duration: 5000
critical: 1000
====== TAS ======
no_backoff - 20:  148717 144189 144996 147075 145267 146810 146139 146146 145501 145227 147398
no_backoff - 40:  60600 70225 68919 60557 82758 61703 81077 60800 82650 69441 60824
no_backoff - 60:  50867 49210 51905 48713 51861 47804 52054 52735 49738 52399 51904
no_backoff - 80:  31661 31779 31854 31842 31734 31436 31970 31465 30754 31534 31495
no_backoff - 100:  38874 38055 39321 40045 38919 39287 40092 39330 39477 38600 38803
no_backoff - 120:  25267 25908 24762 25955 25280 25877 25137 26439 25758 26254 25693
no_backoff - 140:  23972 23774 23916 24371 24132 24400 24169 25092 23976 24128 23860
no_backoff - 160:  23791 23908 23555 22834 23970 23978 23359 24033 24209 23812 23842
backoff_socket - 20:  134795 193737 131490 200850 131319 201306 134221 191517 129103 193776 134034
backoff_socket - 40:  81067 60615 81093 61292 82840 68860 60513 68688 61306 69920 64810
backoff_socket - 60:  52997 48799 52979 48417 53247 52097 48171 49929 53275 51987 51482
backoff_socket - 80:  31528 31819 31079 31740 31721 31475 31644 31792 31396 31757 31753
backoff_socket - 100:  38279 40831 39857 39892 39799 37260 38942 39856 38273 38169 38724
backoff_socket - 120:  26111 25088 25378 25253 25297 26217 25052 26288 25193 24939 25674
backoff_socket - 140:  24443 24025 24055 24095 24022 24273 24056 24173 23542 24172 24582
backoff_socket - 160:  23638 23941 23978 24017 23996 24025 24113 23545 23580 23825 23540
backoff_max - 20:  147909 190902 146991 188235 146476 190399 146027 189927 147984 194561 146889
backoff_max - 40:  70140 69966 69632 69820 68407 69424 69495 69751 69509 69187 69971
backoff_max - 60:  52128 51159 50424 50895 52323 52645 50767 53415 51331 53107 51995
backoff_max - 80:  31613 31893 31431 31435 31591 31603 31788 31560 31656 31859 31695
backoff_max - 100:  39261 40632 40595 40170 39423 39266 38958 41445 39350 39735 39560
backoff_max - 120:  24931 26188 26263 25857 25050 25973 25641 24609 25932 26268 25573
backoff_max - 140:  23880 24014 24137 24217 23833 24020 24242 24535 24702 23958 24683
backoff_max - 160:  24094 23822 23835 23897 23859 23894 23703 23566 23824 23803 23865
====== TTAS ======
no_backoff - 20:  479857 400816 475604 394956 389122 422866 409815 472800 389170 482574 389326
no_backoff - 40:  228397 192670 237815 178727 240251 180330 238015 200801 186089 209577 186126
no_backoff - 60:  119101 115776 122057 118114 125064 115655 128441 116123 132149 116222 129907
no_backoff - 80:  96408 92449 87136 92219 96081 93561 85152 87817 90117 94555 92684
no_backoff - 100:  103055 104073 102181 106081 102576 105934 105284 100894 105300 98074 105953
no_backoff - 120:  99874 99626 100175 102209 99619 102024 101966 101791 102456 101388 99374
no_backoff - 140:  95567 94958 97137 96104 97031 94620 96437 96363 96417 96465 96390
no_backoff - 160:  92162 93816 93129 93374 93403 91997 92807 93469 94013 92041 92825
backoff_socket - 20:  403284 422006 387187 398457 374064 429532 387227 396707 404576 396536 387867
backoff_socket - 40:  205195 173877 203065 185227 201685 174895 210291 213197 212597 215221 198442
backoff_socket - 60:  122453 123782 122884 120816 120651 124376 120787 124014 121043 119944 122658
backoff_socket - 80:  89003 92135 93340 90317 94058 93927 95336 93220 91044 92410 89603
backoff_socket - 100:  94467 103118 98253 103353 96694 104580 97528 100503 101266 101783 99900
backoff_socket - 120:  100911 98146 99612 99862 102066 98001 99946 100798 101502 100233 103530
backoff_socket - 140:  97264 96248 95984 97248 97055 96100 96458 98418 96062 96547 95989
backoff_socket - 160:  92647 92818 94564 93682 94093 94586 93944 92770 93154 93559 92445
backoff_max - 20:  374632 393051 390032 413957 468527 398905 373967 402003 391411 397441 477764
backoff_max - 40:  207434 205061 210011 206179 202642 211031 189708 196848 199158 186060 190514
backoff_max - 60:  115411 118851 116750 121430 120374 129143 121792 113646 122877 117110 123570
backoff_max - 80:  92543 92454 92515 93850 92328 88582 94838 90537 92768 82534 93586
backoff_max - 100:  103617 98687 100650 100813 100532 100729 102143 101138 105271 104943 105270
backoff_max - 120:  101976 101811 101196 100665 100582 99750 101108 100268 101339 98808 101111
backoff_max - 140:  98807 96546 95073 96895 96382 97697 94302 98268 95697 95397 94695
backoff_max - 160:  93139 93203 93836 93090 92053 93781 92993 93022 92822 93453 93650
====== TICKET ======
no_backoff - 20:  522871 610222 522408 605714 518984 603602 522189 606415 517290 613934 511054
no_backoff - 40:  359398 343376 346583 349559 355145 341055 350979 349982 335560 355035 332703
no_backoff - 60:  263859 244977 267568 238339 264422 271477 235489 265751 270026 262452 261951
no_backoff - 80:  192266 191167 189732 194567 189934 191600 199084 186096 185812 178284 178193
no_backoff - 100:  192679 200295 195796 199900 196065 181948 184468 198957 195669 195864 200439
no_backoff - 120:  165924 166015 167028 167507 166360 168063 168000 167871 169118 168311 166639
no_backoff - 140:  166881 169249 168039 167294 166849 167044 165195 168972 167718 167685 169493
no_backoff - 160:  158773 167924 167032 168085 161660 166140 170186 164260 164440 165042 166515
backoff_socket - 20:  653796 552612 652688 556318 652510 554659 646962 553887 664873 570273 657429
backoff_socket - 40:  403787 423194 427494 432462 424675 424818 415280 462463 420341 469368 419554
backoff_socket - 60:  371577 362547 381200 363523 303489 345457 328955 362351 360648 364020 359698
backoff_socket - 80:  248287 278287 283678 279801 279783 275892 241707 272329 275207 277560 247906
backoff_socket - 100:  268040 272865 274186 262465 274972 269503 265671 261671 268411 273470 269893
backoff_socket - 120:  266901 275753 281824 268257 263206 266914 279649 265162 285870 282653 268987
backoff_socket - 140:  275105 273591 266893 287730 281640 288735 255881 280778 259220 265749 273273
backoff_socket - 160:  266778 280820 273007 269651 273319 272851 281355 266725 268199 276857 271358
backoff_max - 20:  644802 555515 639957 557096 593988 553005 597694 556061 590813 553792 590120
backoff_max - 40:  421624 428786 406384 435434 411562 418138 422565 421719 413728 429703 421948
backoff_max - 60:  390477 337718 382399 311488 378080 364599 350649 359304 359707 354746 362026
backoff_max - 80:  277731 281019 278406 276500 245359 276683 246791 249885 276410 276315 277357
backoff_max - 100:  261081 282895 268759 261641 269946 262719 270943 266153 271786 281884 267186
backoff_max - 120:  267811 272646 269162 275281 271315 275297 262793 270883 278376 276165 271876
backoff_max - 140:  264626 271835 280165 268424 275219 271160 275964 284679 264614 278348 271008
backoff_max - 160:  261581 276663 266319 274344 271990 265641 273244 275071 283021 271015 276742
====== MCS ======
no_backoff - 20:  755158 743977 757476 754798 748073 765083 759490 747416 756768 746186 753382
no_backoff - 40:  673016 674014 676807 662672 677274 677408 676437 685606 686326 674352 681661
no_backoff - 60:  665632 679251 663242 674863 700019 668623 666920 662074 676251 675791 678440
no_backoff - 80:  667240 667629 687199 659562 677811 680990 703283 684059 678808 665282 646262
no_backoff - 100:  530445 533076 533661 536742 533943 531236 528659 529550 537758 531462 531818
no_backoff - 120:  464233 464726 469817 462414 466386 466085 468436 461929 466794 471069 464268
no_backoff - 140:  448841 441553 440262 435277 443908 447771 444530 442294 449437 444205 440544
no_backoff - 160:  425834 431073 432371 429061 429726 431111 441319 430503 435056 431567 429196
backoff_socket - 20:  753817 745333 749488 773181 748153 734675 757450 748585 751031 759723 756460
backoff_socket - 40:  680599 685862 680343 681439 681952 682215 679247 681008 670805 684031 690466
backoff_socket - 60:  671088 671176 678968 673464 672537 677394 677141 678780 674396 676324 671388
backoff_socket - 80:  679204 675215 674360 673156 689964 680230 684151 691517 682950 683293 681221
backoff_socket - 100:  664260 666777 668552 655635 653772 655949 651663 669319 655146 655225 652899
backoff_socket - 120:  611181 606638 608574 616029 615054 608989 606622 604596 614729 607321 611428
backoff_socket - 140:  588819 604668 590606 596248 592047 594299 599651 594416 597864 593852 591574
backoff_socket - 160:  555546 574481 572008 566588 573967 573129 571255 574067 572223 577055 589513
backoff_max - 20:  763870 761126 760980 779958 755417 772476 777449 753942 751954 757815 751764
backoff_max - 40:  688793 722986 693205 688094 706037 682695 697427 685917 691267 687272 688729
backoff_max - 60:  691454 675960 682675 675641 676401 675925 678381 678560 679123 684811 682470
backoff_max - 80:  669483 683548 678686 663114 681909 675090 672799 674227 680154 678632 683857
backoff_max - 100:  666405 669085 655386 663088 662454 653571 658596 661747 654867 666981 651999
backoff_max - 120:  608713 606392 609575 616987 608970 607712 604694 619596 614229 608156 613994
backoff_max - 140:  591444 590710 593374 593759 594583 586598 597975 592831 591895 594231 594900
backoff_max - 160:  555246 575204 578808 575578 575142 577941 577514 575889 585596 582114 573004
====== CLH ======
no_backoff - 20:  690390 669654 676955 684940 713624 686027 695312 660030 701028 680610 682404
no_backoff - 40:  592968 589965 581957 585571 591534 605714 593458 577637 583354 591767 579807
no_backoff - 60:  576610 573309 574414 589494 564899 581498 604274 591294 570253 571991 568666
no_backoff - 80:  569450 570800 583015 571377 570511 590299 567309 564675 561483 565981 562670
no_backoff - 100:  456708 457611 453642 457658 457926 459471 457441 457744 458833 459266 459108
no_backoff - 120:  419534 424210 421453 418892 416250 427624 426838 420358 428428 429148 429330
no_backoff - 140:  403129 409632 417020 403766 406832 410948 403383 409026 399724 400505 413997
no_backoff - 160:  379445 392548 389021 394128 403864 401856 360252 407098 400705 401455 402039
backoff_socket - 20:  632514 659735 640768 650666 640749 649233 642074 647602 644254 638996 648776
backoff_socket - 40:  602109 585956 572148 591274 576667 574415 579606 600181 587848 586851 584779
backoff_socket - 60:  560431 556457 556717 573473 560348 546946 569769 548641 551307 568311 547764
backoff_socket - 80:  568839 560206 559536 559632 554679 559794 565394 568528 565784 567254 570515
backoff_socket - 100:  539447 550225 548016 546448 549274 541366 540888 539672 543523 546880 538649
backoff_socket - 120:  527268 527156 525898 526383 528370 530570 527928 531679 519934 539923 533250
backoff_socket - 140:  518344 514325 521487 514485 524467 518354 511972 519483 514071 520370 522870
backoff_socket - 160:  490449 501743 502199 502576 495228 508943 505001 506741 501793 500829 495791
backoff_max - 20:  632465 639052 649673 641089 649489 659034 640209 648339 665151 670713 665765
backoff_max - 40:  586237 577014 595277 582777 581044 584341 569664 577053 573525 583197 586521
backoff_max - 60:  545011 566238 566824 552350 553987 567065 560675 550587 563787 549890 562495
backoff_max - 80:  553643 563359 565436 557745 550012 557530 561418 561974 561999 560020 558024
backoff_max - 100:  542355 548692 527935 548998 538972 549602 533110 538563 552208 554589 536754
backoff_max - 120:  530025 530739 538960 526902 524811 533166 535798 532461 537691 538378 527787
backoff_max - 140:  528312 521928 519830 526736 523662 515700 517613 515929 527276 520371 517716
backoff_max - 160:  496248 510217 504017 502672 505955 500730 497786 504092 506197 501862 503330

