num_locks: 1
duration: 5000
critical: 1000
====== TAS ======
no_backoff - 20:  145750 201691 145143 190002 141702 126090 141713 145789 147276 143751 145732
no_backoff - 40:  61351 68798 61792 69383 60731 82716 61841 82511 59932 80372 69494
no_backoff - 60:  46597 51365 50621 52993 50002 51480 50161 52913 48764 50023 48398
no_backoff - 80:  31900 31664 31490 31733 31465 31659 31685 31782 31307 31485 31462
no_backoff - 100:  39267 39300 38527 41620 40890 40715 41127 41144 39202 40772 41329
no_backoff - 120:  27214 27818 26885 26184 25790 27785 27719 27338 27352 27973 26489
no_backoff - 140:  27400 25832 25902 26429 25606 26256 26607 25369 22810 22827 26856
no_backoff - 160:  26411 26031 26902 26073 25765 26349 23687 23671 25479 25757 27557
backoff_socket - 20:  146778 127797 147044 144982 145645 200645 145214 187835 146019 190940 132795
backoff_socket - 40:  83093 69025 71244 70006 69814 68870 71428 64583 64141 65960 61510
backoff_socket - 60:  51479 48713 51962 50420 50902 53482 48951 52112 52046 52235 52066
backoff_socket - 80:  31714 31804 31114 31676 31562 31267 30728 31568 31598 31722 31709
backoff_socket - 100:  38802 38463 40532 42316 40800 41044 40453 40435 38651 38697 41487
backoff_socket - 120:  28106 27248 27087 27937 27375 27163 25968 28145 26314 27244 27711
backoff_socket - 140:  26395 26342 25627 26384 26004 26192 26788 26456 25894 27727 26892
backoff_socket - 160:  27141 25950 26082 25330 25719 26492 26103 26730 26358 26033 26128
backoff_max - 20:  134033 194217 132524 197171 133591 198562 144458 144872 146769 146031 145473
backoff_max - 40:  61378 69015 61405 68877 61258 80363 61754 80973 61909 80922 61312
backoff_max - 60:  53138 51761 46831 50875 52370 51038 48101 48299 51302 51153 52910
backoff_max - 80:  31555 31481 31817 31458 31537 31794 31726 31864 31483 30926 31717
backoff_max - 100:  39579 40825 41028 41601 40037 40331 41077 40474 40579 42246 41210
backoff_max - 120:  27093 27558 27752 25771 27921 27690 27646 27420 27137 27928 27590
backoff_max - 140:  25867 26234 24097 26697 27044 26685 26049 25908 27740 26280 23996
backoff_max - 160:  25937 26315 25972 26115 25781 26354 26515 26455 25922 27038 26591
====== TTAS ======
no_backoff - 20:  388547 425986 384517 437451 388940 401740 387015 434473 387335 401558 387739
no_backoff - 40:  196830 190758 195519 196574 197385 191559 195975 196076 206174 188402 202843
no_backoff - 60:  118231 122170 119087 119148 121454 120845 128072 121512 129416 122515 116006
no_backoff - 80:  91245 94987 91965 92117 94491 93147 96565 93045 95010 92292 94833
no_backoff - 100:  104983 103967 104620 102782 105847 102772 105024 102473 105174 99532 104832
no_backoff - 120:  98153 100016 99261 100495 100592 100965 99134 99789 99799 100006 102137
no_backoff - 140:  95852 93556 96328 95315 95361 94662 95717 96049 97018 95612 96006
no_backoff - 160:  92745 91895 92254 90926 92378 92191 91172 92145 91581 92298 92483
backoff_socket - 20:  472006 403663 478468 388831 388028 372651 386318 368564 389721 364749 472372
backoff_socket - 40:  205575 205770 205305 209099 202997 213090 206233 208090 207657 206255 208244
backoff_socket - 60:  120334 120809 120029 119087 120108 118413 112015 126118 113176 125430 113297
backoff_socket - 80:  89981 93158 91488 92146 92272 92295 91698 92160 91589 89276 91367
backoff_socket - 100:  100554 97437 101692 95906 100868 97395 101139 97003 101712 96996 99800
backoff_socket - 120:  98835 99212 99174 98940 99177 97860 100807 98298 98500 99941 101159
backoff_socket - 140:  96081 94734 94213 96504 94981 94844 95162 94183 95385 93866 94756
backoff_socket - 160:  92272 92693 91629 92668 92743 91969 91480 91671 92721 91892 92450
backoff_max - 20:  399037 387065 366269 403628 467226 368457 475759 376018 474504 365457 465212
backoff_max - 40:  187684 229151 192990 195338 193157 195152 194471 196058 196205 194741 193473
backoff_max - 60:  125538 114132 125425 112753 118869 120876 120215 120195 120281 120806 118764
backoff_max - 80:  91958 91467 89739 91080 90460 89610 93508 89977 91274 92003 91558
backoff_max - 100:  100684 99969 101896 99327 101744 96466 101946 101402 103045 103196 101175
backoff_max - 120:  99437 100572 98701 98615 100025 100724 98362 99450 98535 100733 99176
backoff_max - 140:  94510 94728 94165 94735 94826 94733 95354 95464 94760 94627 95561
backoff_max - 160:  91900 93091 93506 91571 92176 92703 93704 93028 92881 91804 91548
====== TICKET ======
no_backoff - 20:  459658 536125 456839 536780 457431 534059 461332 538833 471478 496949 476369
no_backoff - 40:  286784 315535 309221 312198 316109 314215 303620 313757 311063 233257 310576
no_backoff - 60:  273407 263431 273932 262800 250331 257830 266234 236554 276227 236948 279449
no_backoff - 80:  193543 188013 189818 192439 194275 188015 189661 190063 194316 179757 173189
no_backoff - 100:  193426 198581 198631 200389 176352 199313 176431 199471 196019 195189 198510
no_backoff - 120:  165792 168755 167014 166392 167363 166760 166083 166960 169260 166779 166604
no_backoff - 140:  168658 165940 164939 167145 167722 168367 166489 170282 169892 167509 165464
no_backoff - 160:  165507 164123 164320 158718 166566 170213 166826 162453 168592 165559 160737
backoff_socket - 20:  573019 537440 572163 542417 569217 537132 567537 538330 565581 541874 573284
backoff_socket - 40:  377792 384941 400167 393365 388339 365973 278899 397971 380741 373218 375654
backoff_socket - 60:  292780 332344 288391 335691 283070 335376 292302 336515 261746 333613 252496
backoff_socket - 80:  236553 236532 233971 239358 236761 239285 200452 234169 196933 235121 200987
backoff_socket - 100:  225621 226250 226475 222518 228508 222319 226730 224489 204458 205431 200685
backoff_socket - 120:  202045 206840 207764 205172 207453 197542 207699 199082 198276 203226 203157
backoff_socket - 140:  215024 210134 209493 211764 207674 203449 211585 206161 210922 215195 209091
backoff_socket - 160:  213613 212609 212169 212955 209636 214184 211219 214346 214145 211674 192309
backoff_max - 20:  654626 541484 653478 533713 578529 531114 567243 536576 574904 543237 575239
backoff_max - 40:  380430 258163 380043 374480 377803 374463 380548 371028 370692 374655 374707
backoff_max - 60:  332094 321984 320741 320035 321037 293993 316817 314715 332127 287234 336895
backoff_max - 80:  197920 193770 239731 200676 237320 240064 237965 235969 237415 235349 236329
backoff_max - 100:  226930 222767 225925 223004 225876 225452 227048 223883 226960 225178 205788
backoff_max - 120:  200978 203841 200462 202526 205250 198867 199252 204583 204909 203877 199859
backoff_max - 140:  212022 208427 210799 212628 212488 212814 212802 211604 205643 209667 204354
backoff_max - 160:  215164 209929 211525 212934 210053 211440 213961 214886 212258 212548 214717
====== MCS ======
no_backoff - 20:  773561 773435 761952 800379 789698 779442 779265 753995 775508 760068 776802
no_backoff - 40:  681257 692723 705898 688154 692911 690936 676275 684301 680245 697614 662253
no_backoff - 60:  671343 663209 678541 644907 660186 661481 663528 680427 675497 666621 669760
no_backoff - 80:  678240 674300 676475 665575 672576 652799 664903 678026 672325 683571 653193
no_backoff - 100: 
no_backoff - 120: 
no_backoff - 140: 
no_backoff - 160: 
backoff_socket - 20:  773247 762276 762316 756813 765177 763277 759275 747756 764874 768245 767986
backoff_socket - 40:  688469 676571 680815 673494 693811 683084 689127 678538 696657 676878 679794
backoff_socket - 60:  675457 676246 709271 681230 670122 697681 675473 667464 678630 668746 673148
backoff_socket - 80:  681214 677022 680506 676694 715925 679017 684386 680946 682422 687065 676173
backoff_socket - 100: 
backoff_socket - 120: 
backoff_socket - 140: 
backoff_socket - 160: 
backoff_max - 20:  748425 759827 768985 759013 765661 761368 777350 757027 785778 754058 775454
backoff_max - 40:  692432 679584 699830 676574 688787 684119 701565 667669 697991 680105 695998
backoff_max - 60:  664882 693693 683828 682062 685842 670647 684275 690797 676066 689346 715081
backoff_max - 80:  687318 678586 690523 679581 685740 682242 700883 687453 689068 686463 686673
backoff_max - 100: 
backoff_max - 120: 
backoff_max - 140: 
backoff_max - 160: 
====== CLH ======
no_backoff - 20:  674698 664855 671883 681911 675829 675988 669766 678330 675291 672579 666208
no_backoff - 40:  608716 609420 604592 594755 602042 582752 612479 586604 605920 599965 589341
no_backoff - 60:  573801 583725 556893 560923 569263 582367 579152 581816 586743 567585 574699
no_backoff - 80:  571482 577652 573200 563829 578811 563946 570597 569884 565622 565620 573462
no_backoff - 100: 
no_backoff - 120: 
no_backoff - 140: 
no_backoff - 160: 
backoff_socket - 20:  684288 669890 673977 690772 673668 665125 677678 670551 670474 710236 676996
backoff_socket - 40:  569969 589061 587444 601633 585252 592315 577179 585073 583113 591147 583662
backoff_socket - 60:  563314 574089 564312 587400 570642 569299 573426 561765 571437 561913 566537
backoff_socket - 80:  568729 567434 565786 568038 565611 587181 567710 566155 567696 565417 573155
backoff_socket - 100: 
backoff_socket - 120: 
backoff_socket - 140: 
backoff_socket - 160: 
backoff_max - 20:  656445 675025 677879 679270 664988 663837 671853 680205 665742 693895 674427
backoff_max - 40:  581480 598049 580082 576510 596170 588293 577887 567090 581900 588666 578878
backoff_max - 60:  556026 575573 572309 581030 579467 561918 562886 587815 577169 600344 595507
backoff_max - 80:  571839 586550 561710 567123 569378 573404 567366 573917 578673 563325 578061
backoff_max - 100: 
backoff_max - 120: 
backoff_max - 140: 
backoff_max - 160: 
