num_locks: 1
duration: 5000
critical: 1000
====== TAS ======
no_backoff - 12:  1025170 997053 1019270 1031526 1000743 981925 1003563 1011616 1040966 1011235 993327
no_backoff - 24:  423582 390226 376556 391113 391677 367199 403827 412107 368777 361813 393312
no_backoff - 36:  204780 199366 198954 202726 191177 179350 211831 201632 188615 183817 193787
no_backoff - 48:  126116 126885 146672 128606 141067 133556 140207 130562 158243 129876 136174
no_backoff - 60:  155066 152791 119348 135404 167815 150295 177880 148032 154373 133920 119061
no_backoff - 72:  173229 201227 164966 156948 148171 165250 173975 171032 166883 198484 181416
no_backoff - 84:  176612 188679 190438 185236 210626 171824 217269 216970 177801 180853 181220
no_backoff - 96:  169563 181487 193025 213136 206659 193255 167896 221445 171762 187630 193221
backoff_socket - 12:  1001557 1009308 996138 990642 1031208 1011962 981713 987523 996470 993106 986711
backoff_socket - 24:  396364 373078 382366 368658 365501 376009 380566 398159 369623 410220 373648
backoff_socket - 36:  201935 200345 203298 202228 199237 183647 197097 217098 209950 206386 249333
backoff_socket - 48:  135195 144774 162159 135934 140738 158105 132916 130692 133734 135685 142498
backoff_socket - 60:  147573 151727 147489 118114 147082 146246 118985 146452 149699 157067 147931
backoff_socket - 72:  186418 174906 162557 174406 174192 171148 177781 181488 171046 166893 173436
backoff_socket - 84:  183894 182276 182872 188499 182799 191759 179360 183952 180428 182707 192890
backoff_socket - 96:  189116 189081 222816 186622 193702 192702 194617 206884 173977 184546 209075
backoff_max - 12:  991542 1015702 1038049 979472 1031340 1045438 1007021 1030079 1029567 1008102 1036680
backoff_max - 24:  378083 369048 398214 423772 391615 385519 400621 358768 402055 370847 395701
backoff_max - 36:  196119 194917 201360 211136 190780 207265 188658 201651 194670 192604 188462
backoff_max - 48:  160336 153613 132636 140956 153206 145447 151068 142233 142022 153615 159569
backoff_max - 60:  138685 152469 141285 141560 119195 146688 168105 151239 157215 149639 170369
backoff_max - 72:  154573 177558 186163 167767 173197 178201 159881 178336 151737 167028 199075
backoff_max - 84:  179013 178298 182166 182220 189919 182257 171171 170880 169107 163968 179067
backoff_max - 96:  184630 209311 179681 191107 186431 169945 196826 194049 182942 196944 214943
====== TTAS ======
no_backoff - 12:  1446447 1454338 1446433 1450582 1447375 1450749 1451597 1427818 1461436 1426019 1448146
no_backoff - 24:  937372 964250 1232454 934636 926419 857110 903604 907378 954983 999421 876798
no_backoff - 36:  628533 618969 649765 632106 554973 645985 618926 691304 666184 660804 681508
no_backoff - 48:  535653 518710 541687 548327 548396 553944 543952 536159 588601 545382 548059
no_backoff - 60:  518782 497658 497374 532240 524472 483162 493533 507974 519285 518467 496954
no_backoff - 72:  514306 497998 468495 538446 515164 521400 486097 514390 517961 519964 501440
no_backoff - 84:  498514 544259 494007 537147 497592 539283 533677 489997 516952 532527 539375
no_backoff - 96:  513167 510120 514155 489661 462425 485637 519204 522491 513512 490464 524680
backoff_socket - 12:  1458128 1463793 1446762 1441944 1444166 1445458 1448901 1447077 1453079 1453751 1448764
backoff_socket - 24:  975033 928381 948096 904112 973644 949671 870381 841721 944474 943722 947623
backoff_socket - 36:  653403 646104 612087 635304 627765 656620 617285 652229 609363 641020 664948
backoff_socket - 48:  526089 539337 524379 540951 557788 546203 526304 556203 539671 539801 520379
backoff_socket - 60:  549299 515882 539490 492793 522633 512137 525696 514467 564554 523550 522270
backoff_socket - 72:  527952 490102 495860 513621 468313 499495 527138 477097 508887 522680 500644
backoff_socket - 84:  490836 495413 459139 530501 496101 512076 511771 510116 515314 493505 495396
backoff_socket - 96:  514332 479434 525070 544356 479506 499200 488001 509365 500481 527096 501789
backoff_max - 12:  1444833 1459269 1434061 1450569 1462732 1464369 1432168 1430523 1444605 1449470 1448880
backoff_max - 24:  950055 871444 941577 902204 868105 944614 902150 1045267 967600 909964 940245
backoff_max - 36:  643624 678272 672836 648894 667056 633019 688518 625635 637616 607736 634907
backoff_max - 48:  551542 552865 551552 524395 511632 541559 550724 553738 559428 529078 521342
backoff_max - 60:  552966 522728 481166 540987 519425 531126 526900 508092 522558 521319 502375
backoff_max - 72:  534895 483971 522682 496649 492281 504617 487470 469362 514330 498784 534508
backoff_max - 84:  504860 490736 550597 482526 507538 551183 489069 492839 520897 551522 472533
backoff_max - 96:  511133 455767 512963 515508 540252 491879 490284 488708 492247 491698 475616
====== TICKET ======
no_backoff - 12:  1074594 1070798 1071702 1065121 1061177 1088257 1085569 1090599 1087634 1100842 1086684
no_backoff - 24:  709058 724936 717854 719533 718953 707312 695276 686298 701239 697921 717293
no_backoff - 36:  594463 592199 631904 598423 609931 626340 608174 630511 664622 610584 626273
no_backoff - 48:  530988 519174 539911 518618 531616 544288 571679 548224 526186 533720 533920
no_backoff - 60:  522970 526811 513356 499688 542162 495081 484712 493609 539507 520404 523258
no_backoff - 72:  508393 503567 506830 480105 517110 515585 515416 498080 512390 479292 512238
no_backoff - 84:  482817 494566 501299 511671 489263 475682 510986 496170 501661 475871 495986
no_backoff - 96:  507669 489918 479045 480104 486037 507169 483351 493157 477911 485640 503642
backoff_socket - 12:  1515692 1534735 1525741 1528786 1531444 1510444 1534564 1525836 1543491 1529935 1553717
backoff_socket - 24:  1042805 1045620 1035571 1048915 1039056 1046330 1051876 1045454 1047113 1051729 1041058
backoff_socket - 36:  961508 980498 959160 943826 962521 955300 938888 967380 957498 956990 965294
backoff_socket - 48:  876773 887429 891532 887358 878738 907209 874624 887242 870857 864350 868297
backoff_socket - 60:  844314 843071 862754 841060 823611 841730 850010 831424 857637 834098 862272
backoff_socket - 72:  808584 802890 774354 779028 803479 807431 769343 768500 809408 804353 812249
backoff_socket - 84:  779118 765684 768214 770870 786713 766262 781009 768737 772813 761215 773402
backoff_socket - 96:  738402 729473 751739 755240 731796 733972 753733 744435 735444 739017 728889
backoff_max - 12:  1544771 1517701 1537848 1541148 1506805 1547171 1533553 1539317 1560360 1535621 1535873
backoff_max - 24:  1054885 1039890 1057719 1051526 1057171 1040938 1042320 1020005 1041031 1039511 1026837
backoff_max - 36:  955980 961073 933942 959154 945238 943759 1000676 939086 957688 941356 964732
backoff_max - 48:  866579 862684 878622 881287 880572 868386 903532 882268 906311 884040 900132
backoff_max - 60:  830855 867800 861543 860123 853306 859617 831230 845510 867488 825759 829663
backoff_max - 72:  802021 811488 813181 810773 804253 795104 795225 811566 828816 807954 810032
backoff_max - 84:  788724 781928 760171 763196 762739 767938 774959 789829 770864 772434 786228
backoff_max - 96:  760426 657384 733338 743966 634965 522570 733417 751571 750467 753515 751790
====== MCS ======
no_backoff - 12:  1732438 1738712 1741608 1741383 1747127 1740326 1739628 1726479 1739030 1735767 1736813
no_backoff - 24:  1344730 1327823 1313592 1375614 1376288 1342927 1349922 1360550 1328092 1346597 1319131
no_backoff - 36:  1259158 1271986 1230280 1249070 1256270 1273450 1249827 1260872 1271316 1240609 1294070
no_backoff - 48:  1214677 1190444 1227469 1220373 1210852 1219923 1185736 1213965 1195446 1197009 1222639
no_backoff - 60:  1074586 1093733 1067150 1051321 1134435 1083345 1059354 1077865 1077468 1072489 1069650
no_backoff - 72:  941173 950750 956125 946884 928521 960822 941599 963393 973182 962548 942863
no_backoff - 84:  847139 865929 862620 837430 850453 835960 854079 846831 859331 856401 842793
no_backoff - 96:  798092 795414 792612 791772 780653 788859 784149 790201 793395 779329 792817
backoff_socket - 12:  1616768 1607776 1614106 1601928 1612216 1602782 1602139 1600876 1591406 1608886 1620566
backoff_socket - 24:  1181069 1197034 1176320 1148304 1192602 1194519 1166973 1172203 1181851 1177293 1157579
backoff_socket - 36:  1101168 1136848 1101219 1115462 1141024 1095229 1128523 1132085 1081795 1100447 1090352
backoff_socket - 48:  1093786 1130834 1071922 1072532 1115928 1078664 1084369 1101690 1081616 1072337 1071273
backoff_socket - 60:  1042062 1041174 1046898 1056399 1054155 1042034 1011075 1045506 1063350 1047869 1033676
backoff_socket - 72:  1024521 1031782 1015777 1035755 1024281 1014607 1019335 1033051 1040707 1034434 1043688
backoff_socket - 84:  1019325 1020014 1021967 1045950 1022427 962726 1042511 1030009 1028602 1005391 1040891
backoff_socket - 96:  981520 984948 976931 1007241 987606 974151 986138 987424 995369 993283 988788
backoff_max - 12:  1610902 1616833 1609825 1599594 1608380 1598304 1622000 1622444 1611071 1593833 1598596
backoff_max - 24:  1210214 1198867 1162193 1212885 1179797 1211590 1159963 1192907 1183683 1164442 1195694
backoff_max - 36:  1084866 1107170 1141929 1093634 1090628 1140641 1111666 1118801 1084149 1111840 1086904
backoff_max - 48:  1095060 1066606 1096919 1073997 1073905 1089561 1117769 1098830 1101014 1096928 1070063
backoff_max - 60:  1068491 1065968 1058878 1051683 1074922 1055061 1031595 1062071 1046311 1035345 1026279
backoff_max - 72:  1028309 1031209 1013500 1027616 1020555 1040661 1029537 1027623 1025159 1022871 1014397
backoff_max - 84:  1030700 1023336 1030638 1050016 1024428 1038589 1028222 1012902 1032370 1026678 1027625
backoff_max - 96:  986613 980428 991758 977316 972415 1011690 993169 997309 992070 998235 1006205
====== CLH ======
no_backoff - 12:  1633116 1606483 1628429 1618213 1636056 1602280 1613918 1607117 1626856 1625229 1614229
no_backoff - 24:  1140466 1177277 1201021 1187706 1143034 1259799 1263240 1178845 1203963 1185258 1186063
no_backoff - 36:  1083732 1046364 1082256 1030922 1069907 1033624 1066225 1098212 1058585 1096934 1033567
no_backoff - 48:  1017825 1001677 1042992 1039326 990149 1041982 986925 1037579 1015474 1014614 1009189
no_backoff - 60:  957710 993354 998002 980823 962670 939949 974804 1028752 1017795 955841 967175
no_backoff - 72:  865063 866394 858572 864946 866012 867374 851552 881171 881333 875332 861824
no_backoff - 84:  772211 750423 764063 755987 778657 773022 768076 773802 759332 760110 775633
no_backoff - 96:  711781 719511 716518 693825 697279 722757 710544 729069 706653 700721 703517
backoff_socket - 12:  1503624 1512557 1501728 1526341 1509113 1520938 1498884 1529173 1524206 1515277 1501696
backoff_socket - 24:  1066346 1091350 1077947 1089432 1037225 1097788 1061606 1073386 1021155 1032706 1055348
backoff_socket - 36:  990162 1003065 945707 967650 959407 979300 969136 961918 975762 939359 990602
backoff_socket - 48:  930433 924940 919901 921433 900408 941177 922778 932876 930090 907778 905254
backoff_socket - 60:  908140 935106 901265 893920 881919 887982 903043 920496 857052 911389 904722
backoff_socket - 72:  926805 923133 902884 888733 883417 879999 901215 907962 920395 927234 936086
backoff_socket - 84:  866307 894093 900472 917551 923193 883351 874264 877050 903801 904671 896355
backoff_socket - 96:  855313 842394 814352 791446 830683 811971 631569 688120 852635 876970 880467
backoff_max - 12:  1506427 1504124 1511818 1518888 1511862 1509004 1510684 1512370 1525110 1508659 1506084
backoff_max - 24:  1082567 1007781 1043970 1008056 1039863 1015589 1068726 1015990 1007992 1000291 1048422
backoff_max - 36:  945827 971641 952328 945314 949769 1022024 967018 983049 968911 970408 952680
backoff_max - 48:  948345 920047 932616 931366 944677 912367 918366 945611 929227 913698 949380
backoff_max - 60:  927181 920586 922763 911121 884499 896784 906560 933384 905511 877852 883831
backoff_max - 72:  904649 924466 873395 907509 935325 884443 896912 907123 888163 878583 929807
backoff_max - 84:  905328 925109 922755 923930 883273 892989 900835 910988 877568 919340 906854
backoff_max - 96:  883837 892786 846746 869085 870690 865498 863946 883021 824158 881966 877990
