num_locks: 1
duration: 5000
critical: 1000
====== TAS ======
no_backoff - 6:  770462 775822 776190 761793 770408 743676 730938 737864 738777 758380 741281
no_backoff - 12:  472074 452265 439728 459878 389332 389092 392586 389784 458008 391750 472404
no_backoff - 24:  237093 214522 247199 242004 239263 235456 240858 242793 239901 251839 247827
no_backoff - 48:  121095 120239 122457 116794 123591 123622 116599 121581 111361 118355 118946
backoff_socket - 6:  735219 746002 743147 756554 736014 759993 783772 788750 772570 720902 741943
backoff_socket - 12:  471666 388468 430228 447803 428899 438621 421292 460525 389926 397858 460654
backoff_socket - 24:  236829 240850 246653 247677 240449 215016 242924 235078 244997 242887 249351
backoff_socket - 48:  121616 119958 121982 124912 118690 118197 120128 119102 124607 117766 124265
backoff_max - 6:  739041 724588 737236 740928 731989 741295 733873 725636 739648 748631 752448
backoff_max - 12:  394703 485413 484113 477691 396068 485181 457468 480789 394782 483840 474784
backoff_max - 24:  242150 246114 229411 239767 225262 226392 248113 240446 249029 247841 245759
backoff_max - 48:  119956 116548 121910 119374 118099 120608 122814 119834 118240 122227 118546
====== TTAS ======
no_backoff - 6:  606930 652656 651392 651139 653249 607635 653490 653720 609707 652294 653876
no_backoff - 12:  404917 458597 488050 418676 566496 419808 602425 483178 456892 416138 594932
no_backoff - 24:  322562 349989 315557 315717 353249 354829 337072 343350 357991 343850 337000
no_backoff - 48:  173889 176485 173132 177445 178726 179656 173713 167768 180842 181256 178770
backoff_socket - 6:  608561 608104 653623 651254 647553 653326 651183 652492 652561 652837 648126
backoff_socket - 12:  434137 413094 602090 439013 578218 545251 408363 488697 605756 453941 415291
backoff_socket - 24:  354347 339762 339200 344520 340175 378679 341619 276851 321417 334728 353512
backoff_socket - 48:  175555 172175 173216 174860 164661 157634 172364 162842 176368 172529 174156
backoff_max - 6:  652874 651519 650751 649346 655301 654092 655352 608338 654163 654446 651337
backoff_max - 12:  559185 418363 476682 417958 417019 417345 597969 430120 597321 481972 495265
backoff_max - 24:  275413 357029 321862 274486 279307 340776 314796 346728 348382 275503 321035
backoff_max - 48:  154697 176238 170124 166404 162105 162473 173317 167336 171856 173009 175631
====== TICKET ======
no_backoff - 6:  601152 613202 616750 672472 666000 654618 662644 655998 670220 651713 656139
no_backoff - 12:  386988 394175 368582 367499 379793 334023 360538 375232 343091 364192 361923
no_backoff - 24:  229163 246180 243146 207254 231841 222549 222225 236058 233726 222700 250447
no_backoff - 48:  8684 8307 7861 9350 6488 9902 7774 9731 7519 9362 10756
backoff_socket - 6:  664330 669052 671896 664104 663835 659033 662656 681251 681092 655694 664787
backoff_socket - 12:  461887 490789 536131 450292 479907 485228 535589 468168 546075 451021 455638
backoff_socket - 24:  333878 320464 336079 322788 314991 325612 315693 328283 319105 330620 323379
backoff_socket - 48:  16211 16688 15760 14306 16320 22165 19509 17324 16262 31073 13687
backoff_max - 6:  650450 665846 663398 684739 668086 651893 669522 644178 687596 673232 665888
backoff_max - 12:  509051 538938 479040 529227 539539 561953 452668 540457 479356 531120 528212
backoff_max - 24:  329975 325072 340484 311205 304999 340211 303733 309647 304357 330556 313270
backoff_max - 48:  13147 16423 12697 15848 12536 15143 16702 16367 15435 10878 7508
====== MCS ======
no_backoff - 6:  760362 762322 764050 763258 762528 762823 763614 763477 764827 760646 765765
no_backoff - 12:  719483 739327 737079 738447 713861 737882 728331 738951 736589 736120 730414
no_backoff - 24:  706633 709978 708933 710027 704019 707821 700565 709569 706924 674069 647472
no_backoff - 48:  44972 64101 33398 76684 42952 37854 53527 54276 101422 32270 42233
backoff_socket - 6:  733435 701243 701299 695225 722739 715793 704166 702723 701642 695846 708525
backoff_socket - 12:  676662 676458 654118 702457 676267 681963 699212 655041 662066 706348 665497
backoff_socket - 24:  640781 672383 640622 671200 639794 631980 667310 643885 671307 646153 643962
backoff_socket - 48:  57668 36933 48701 40023 62423 45757 36331 59552 50093 63627 42658
backoff_max - 6:  704736 707538 702243 704586 728930 699625 703205 699291 704478 705042 705741
backoff_max - 12:  672425 702986 654565 672599 684484 669488 653091 681651 675248 669915 673736
backoff_max - 24:  661054 643402 671483 645963 639166 673726 641159 659346 627619 664749 643789
backoff_max - 48:  42119 52544 50961 76722 32121 56422 70534 33320 52895 34074 63583
====== CLH ======
no_backoff - 6:  508974 482663 478137 478543 503817 482464 483380 483561 482649 488209 494966
no_backoff - 12:  478529 462973 446912 487827 463027 489082 505937 511926 510134 509886 488795
no_backoff - 24:  487151 492975 487947 493923 486872 493404 490205 491192 492633 495121 488129
no_backoff - 48: 