num_locks: 1
duration: 5000
critical: 1000
====== TAS ======
no_backoff - 10:  1468780 1453229 1468695 1427895 1451665 1451285 1450506 1445240 1452028 1476667 1430997
no_backoff - 20:  573219 675985 686407 556736 675913 673509 644671 541319 549062 524195 678762
no_backoff - 30:  589884 586573 629705 629139 632553 645462 629674 625582 669146 548171 623928
no_backoff - 40:  565914 588374 609417 634165 637382 657303 637475 659924 587205 634153 565355
backoff_socket - 10:  1469457 1453386 1442093 1454916 1463378 1430142 1465066 1443150 1467321 1468536 1468908
backoff_socket - 20:  625725 590465 627049 607270 523426 604657 686488 675927 688730 615197 614512
backoff_socket - 30:  587272 643859 680414 681062 668165 686896 642851 626845 627079 679860 643029
backoff_socket - 40:  577990 655974 626576 569242 665873 629044 567077 574013 570147 628334 608868
backoff_max - 10:  1469098 1465600 1457163 1428820 1452499 1449560 1452907 1450847 1476497 1428415 1467245
backoff_max - 20:  685890 535196 687733 645906 678763 583983 581405 584472 691712 697256 678932
backoff_max - 30:  549744 682618 643952 617608 667655 637266 625212 602090 606704 599536 667714
backoff_max - 40:  641094 650719 564050 652947 661719 631727 585520 657157 547504 585020 564407
====== TTAS ======
no_backoff - 10:  1984053 1977760 1983402 1979255 1982749 1961203 1968962 1969158 1969980 1968419 1971462
no_backoff - 20:  1276098 1283865 1304408 1306131 1311685 1308915 1231881 1277443 1287185 1290792 1305528
no_backoff - 30:  1033033 1008935 1023568 1038351 1039542 1035223 1065287 1027649 1035688 1032845 1046579
no_backoff - 40:  897463 892874 910016 902244 915333 892729 916655 896729 920368 901048 898273
backoff_socket - 10:  1965505 1973732 1956127 1979104 1965897 1959685 1972977 1963269 1979101 1963557 1975858
backoff_socket - 20:  1277695 1309178 1291840 1311054 1317527 1282969 1317591 1298544 1303517 1317113 1310733
backoff_socket - 30:  1069480 1069715 1064902 1085054 1110957 1058899 1089050 1066519 1097021 1070904 1084105
backoff_socket - 40:  972696 982401 960350 955866 975220 982510 961131 982207 981549 978124 961253
backoff_max - 10:  1966346 1965015 1971020 1955085 1965102 1966510 1966065 1962658 1967264 1979386 1972435
backoff_max - 20:  1299590 1311511 1281512 1282410 1276881 1311951 1286772 1271449 1309533 1312890 1315466
backoff_max - 30:  1081992 1089239 1088034 1067125 1086628 1107386 1077337 1075190 1070760 1068845 1091780
backoff_max - 40:  966069 956547 975398 969179 961223 964297 960569 962576 958701 957473 965371
====== TICKET ======
no_backoff - 10:  1963368 1959157 1957702 1940968 1935316 1948743 1936739 1949021 1943505 1939679 1962896
no_backoff - 20:  1141968 1138260 1152808 1142185 1145026 1154596 1152586 1160066 1140919 1158214 1137146
no_backoff - 30:  1031490 1019917 998382 1016619 1030861 997787 980818 975353 988521 1021178 998634
no_backoff - 40:  902235 899482 902806 901628 905668 896526 902884 908545 902751 913820 902763
backoff_socket - 10:  2088367 2068904 2069981 2064533 2081930 2087488 2077709 2065194 2079635 2073540 2054639
backoff_socket - 20:  1392771 1375864 1363439 1370308 1368209 1384250 1393525 1390977 1382919 1394265 1382071
backoff_socket - 30:  1325300 1284617 1288498 1273719 1262876 1285214 1338570 1331196 1277158 1282700 1275004
backoff_socket - 40:  1240695 1245592 1237753 1240750 1259140 1251600 821982 811310 898345 1192630 1258204
backoff_max - 10:  2061872 2057533 2049213 2071196 2085721 2070805 2087052 2081878 2072079 2071550 2066128
backoff_max - 20:  1389502 1380113 1384354 1379821 1383073 1385125 1372555 1379912 1356155 1396799 1377243
backoff_max - 30:  1334160 1271706 1323761 1277264 1345271 1279392 1282235 1336294 1282010 1325220 1338579
backoff_max - 40:  1220472 1250997 1217922 1260895 1242663 1251337 1246499 1255535 1254868 1252005 1229082
====== MCS ======
no_backoff - 10:  2138771 2128997 2131743 2112530 2113706 2103848 2090418 2088857 2063613 2083476 2116095
no_backoff - 20:  1648234 1689120 1568050 1626757 1573623 1596694 1614399 1560812 1641860 1553125 1573079
no_backoff - 30:  1243558 1200901 1227287 1169448 1233967 1214624 1187545 1229812 1241580 1215186 1211029
no_backoff - 40:  986158 1027323 995428 1000682 1025498 1019059 1023894 1026479 990890 1004331 1005437
backoff_socket - 10:  1983349 1977891 1966676 1987176 1975792 1988359 1969154 1980246 1979411 1981690 1984261
backoff_socket - 20:  1559960 1542108 1563725 1525823 1559803 1581835 1512076 1549099 1542633 1577219 1548261
backoff_socket - 30:  1543504 1543709 1516527 1524655 1530740 1514495 1514244 1522333 1611137 1542282 1544343
backoff_socket - 40:  1432939 1376814 1391003 1413454 1399337 1387329 1385909 1375936 1393538 1376893 1414039
backoff_max - 10:  1982600 1978465 1975245 1965028 1984401 1965227 1982813 1986992 1979715 1987703 1985130
backoff_max - 20:  1573355 1562156 1566326 1568530 1588003 1547863 1568596 1566018 1553999 1570650 1555688
backoff_max - 30:  1499832 1532424 1572134 1516982 1493583 1542075 1539554 1477423 1473475 1522979 1533871
backoff_max - 40:  1412152 1403594 1398355 1415581 1375301 1429897 1347169 1386994 1376087 1357615 1357305
====== CLH ======
no_backoff - 10:  2104535 2097108 2107985 2084935 2092803 2095394 2097442 2099120 2097922 2111979 2096977
no_backoff - 20:  1561417 1485085 1467834 1444151 1449478 1507737 1502905 1481563 1477356 1502638 1568167
no_backoff - 30:  1180336 1235679 1157850 1209600 1161372 1174704 1169789 1193848 1168960 1232751 1219758
no_backoff - 40:  1012576 1004765 980535 1033373 982307 996957 1004816 878179 612036 726126 750702
backoff_socket - 10:  1912302 1913897 1924022 1911452 1930701 1924140 1916010 1914273 1928004 1918993 1909945
backoff_socket - 20:  1340395 1437091 1354478 1343157 1404618 1374869 1373021 1336759 1326860 1329052 1372729
backoff_socket - 30:  1348389 1366323 1408623 1307034 1385307 1390956 1314450 1368076 1336123 1384863 1390361
backoff_socket - 40:  1293631 1252201 1229211 1231123 1267743 1347783 1238538 1251907 1290331 1287462 1215245
backoff_max - 10:  1916259 1926253 1918524 1926333 1929162 1927054 1922962 1927603 1916703 1926012 1919082
backoff_max - 20:  1367105 1387504 1348738 1362544 1341492 1327337 1365838 1400463 1364764 1323098 1392142
backoff_max - 30:  1373636 1296067 1355586 1382560 1395579 1359979 1428960 1383515 1346293 1339009 1394418
backoff_max - 40:  1351574 1245634 1269466 1250230 1300979 1301961 1297732 1271698 1241392 1280857 1287629
