merge_sort_std_parallel 40 9 64
0.118  0.117  0.120  0.116  0.119  0.116  0.120  0.119  0.112  0.136  0.126  
mctop_sort_sse 80 9 64
0.359  0.358  0.348  0.358  0.342  0.347  0.349  0.347  0.353  0.351  0.347  
mctop_sort_sse_hyperthreads_3 160 9 64
0.424  0.437  0.456  0.439  0.457  0.431  0.428  0.445  0.440  0.451  0.459  
mctop_sort_no_sse_no_smt_all_sockets 80 9 64
0.131  0.134  0.141  0.134  0.139  0.132  0.131  0.139  0.133  0.131  0.140  
merge_sort_std_parallel 120 9 1024
0.831  0.911  0.850  0.856  0.822  1.042  0.843  0.864  0.831  0.879  1.110  
mctop_sort_sse 120 9 1024
2.531  2.544  2.512  2.558  2.522  2.515  2.534  2.509  2.509  2.510  2.530  
mctop_sort_sse_hyperthreads_3 160 9 1024
2.528  2.558  2.517  2.528  2.558  2.535  2.512  2.532  2.524  2.520  2.518  
mctop_sort_no_sse_no_smt_all_sockets 160 9 1024
0.914  0.912  0.917  0.913  0.926  0.914  0.928  0.923  0.914  0.931  0.911  
merge_sort_std_parallel 16 9 1024
2.735  4.782  4.347  3.580  3.304  2.737  4.407  4.664  4.317  2.764  4.905  
mctop_sort_sse 16 9 1024
4.049  4.090  4.117  4.059  4.043  4.088  4.073  4.082  4.083  4.083  4.063  
mctop_sort_sse_hyperthreads_3 16 9 1024
4.052  4.058  4.056  4.045  4.056  4.053  4.053  4.060  4.064  4.051  4.044  
mctop_sort_no_sse_all_sockets 16 9 1024
2.709  2.708  2.708  2.688  2.714  2.715  2.694  2.702  2.761  2.708  2.706  
mctop_sort_no_sse_no_smt_all_sockets 16 9 1024
2.718  2.711  2.697  2.701  2.709  2.719  2.714  2.699  2.710  2.695  2.708  
merge_sort_std_parallel 160 9 1024
1.135  1.105  1.041  1.175  1.156  1.018  0.994  1.149  1.081  0.996  1.120  
mctop_sort_sse 160 9 1024
2.591  2.572  2.589  2.605  2.588  2.585  2.600  2.591  2.585  2.579  2.574  
mctop_sort_sse_hyperthreads_3 160 9 1024
2.518  2.512  2.532  2.506  2.534  2.533  2.516  2.521  2.548  2.524  2.537  
mctop_sort_no_sse_all_sockets 160 9 1024
0.972  0.973  0.977  0.980  0.962  0.965  0.975  0.981  0.974  0.965  0.967  
mctop_sort_no_sse_no_smt_all_sockets 160 9 1024
0.923  0.917  0.919  0.914  0.924  0.915  0.914  0.931  0.930  0.918  0.909  
