* Random setting -r 1
merge_sort_std_parallel 40 9 64
0.113  0.122  0.112  0.117  0.114  0.109  0.115  0.123  0.126  0.126  0.136  
mctop_sort_sse 80 9 64
0.140  0.139  0.142  0.144  0.136  0.136  0.143  0.156  0.142  0.144  0.144  
mctop_sort_sse_hyperthreads_3 160 9 64
0.238  0.246  0.228  0.237  0.244  0.239  0.237  0.231  0.250  0.215  0.240  
mctop_sort_no_sse_no_smt_all_sockets 80 9 64
0.139  0.144  0.139  0.135  0.143  0.135  0.130  0.134  0.133  0.133  0.132  
* Random setting -r 1
merge_sort_std_parallel 120 9 1024
0.844  0.954  0.866  0.915  0.832  0.796  0.870  0.872  0.810  0.869  0.837  
mctop_sort_sse 120 9 1024
1.039  1.038  1.032  1.029  1.038  1.039  1.028  1.030  1.030  1.036  1.041  
mctop_sort_sse_hyperthreads_3 160 9 1024
1.048  1.059  1.057  1.045  1.060  1.047  1.077  1.056  1.063  1.061  1.059  
mctop_sort_no_sse_no_smt_all_sockets 160 9 1024
0.982  0.989  0.977  0.978  0.985  0.992  0.982  0.984  0.981  0.997  0.977  
* Random setting -r 1
merge_sort_std_parallel 16 9 1024
3.258  2.752  4.985  2.829  3.189  3.523  2.733  2.738  3.828  3.601  3.960  
mctop_sort_sse 16 9 1024
2.803  2.807  2.805  2.783  2.815  2.807  2.795  2.797  2.761  2.798  2.785  
mctop_sort_sse_hyperthreads_3 16 9 1024
2.784  2.779  2.792  2.778  2.749  2.795  2.769  2.747  2.793  2.789  2.792  
mctop_sort_no_sse_all_sockets 16 9 1024
2.715  2.705  2.664  2.681  2.686  2.660  2.677  2.708  2.700  2.702  2.705  
mctop_sort_no_sse_no_smt_all_sockets 16 9 1024
2.671  2.664  2.668  2.673  2.670  2.673  2.678  2.665  2.671  2.671  2.676  
* Random setting -r 1
merge_sort_std_parallel 160 9 1024
1.077  1.130  1.110  1.155  1.107  1.205  1.200  1.075  0.961  1.154  1.101  
mctop_sort_sse 160 9 1024
1.051  1.057  1.053  1.050  1.054  1.063  1.052  1.039  1.056  1.050  1.053  
mctop_sort_sse_hyperthreads_3 160 9 1024
1.057  1.046  1.061  1.062  1.051  1.052  1.044  1.039  1.061  1.055  1.043  
mctop_sort_no_sse_all_sockets 160 9 1024
1.012  1.016  1.023  1.016  1.015  1.021  1.019  1.025  1.020  1.019  1.017  
mctop_sort_no_sse_no_smt_all_sockets 160 9 1024
0.965  0.970  0.965  0.966  0.961  0.979  0.974  0.976  0.973  0.965  0.961  
