merge_sort_std_parallel 96 9 64
0.111  0.168  0.141  0.164  0.132  0.153  0.178  0.184  0.113  0.134  0.153  
mctop_sort_sse 48 9 64
0.084  0.083  0.081  0.083  0.084  0.084  0.083  0.082  0.093  0.084  0.082  
mctop_sort_sse_hyperthreads_3 96 9 64
0.083  0.086  0.100  0.083  0.102  0.098  0.100  0.101  0.111  0.084  0.082  
mctop_sort_no_sse_all_sockets 72 9 64
0.089  0.094  0.091  0.091  0.093  0.090  0.093  0.099  0.091  0.090  0.095  
mctop_sort_no_sse_no_smt_all_sockets 96 9 64
0.086  0.108  0.109  0.111  0.100  0.103  0.105  0.110  0.089  0.101  0.105  
