merge_sort_std_parallel 96 9 1024
1.032  0.950  1.044  1.057  0.894  1.045  1.013  0.831  0.855  0.837  0.900  
mctop_sort_sse 96 9 1024
0.716  0.740  0.712  0.729  0.738  0.800  0.707  0.725  0.712  0.712  0.719  
mctop_sort_sse_hyperthreads_3 96 9 1024
0.737  0.746  0.753  0.728  0.712  0.744  0.738  0.715  0.751  0.750  0.716  
mctop_sort_no_sse_all_sockets 96 9 1024
0.743  0.744  0.795  0.746  0.716  0.769  0.732  0.723  0.822  0.720  0.789  
mctop_sort_no_sse_no_smt_all_sockets 96 9 1024
0.816  0.863  0.832  0.814  0.884  0.884  0.884  0.868  0.822  0.896  0.866  
