* Random setting -r 1
merge_sort_std_parallel 16 9 1024
2.571  2.615  2.587  2.677  2.584  2.589  2.558  2.608  2.643  2.566  2.669  
mctop_sort_sse 16 9 1024
2.215  2.253  2.270  2.177  2.261  2.241  2.261  2.259  2.169  2.239  2.254  
mctop_sort_sse_hyperthreads_3 16 9 1024
2.260  2.264  2.181  2.297  2.357  2.350  2.273  2.250  2.265  2.232  2.266  
mctop_sort_no_sse_all_sockets 16 9 1024
2.503  2.489  2.512  2.482  2.499  2.483  2.512  2.491  2.510  2.499  2.510  
mctop_sort_no_sse_no_smt_all_sockets 16 9 1024
2.494  2.502  2.504  2.385  2.498  2.386  2.514  2.487  2.511  2.401  2.504  
