merge_sort_std_parallel 96 9 1024
0.854  1.098  1.060  1.108  0.775  0.894  0.900  1.124  1.113  0.850  0.822  
mctop_sort_sse 96 9 1024
0.743  0.707  0.729  0.712  0.731  0.747  0.742  0.713  0.736  0.724  0.711  
mctop_sort_sse_hyperthreads_3 96 9 1024
0.710  0.726  0.707  0.736  0.728  0.709  0.742  0.734  0.743  0.746  0.745  
mctop_sort_no_sse_all_sockets 96 9 1024
0.750  0.749  0.759  0.754  0.756  0.736  0.729  0.757  0.746  0.766  0.741  
mctop_sort_no_sse_no_smt_all_sockets 96 9 1024
0.809  0.817  0.813  0.817  0.893  0.769  0.768  0.764  0.903  0.856  0.815  
