merge_sort_std_parallel 32 9 64
0.262  0.235  0.210  0.201  0.241  0.226  0.211  0.228  0.204  0.202  0.196  
mctop_sort_no_sse_all_sockets 64 9 64
0.189  0.190  0.175  0.133  0.197  0.178  0.191  0.181  0.187  0.181  0.171  
merge_sort_std_parallel 128 9 1024
1.477  1.426  1.450  1.405  1.445  1.458  1.396  1.426  1.438  1.420  1.402  
mctop_sort_no_sse_all_sockets 128 9 1024
1.046  0.996  1.023  1.014  0.992  1.021  1.017  0.997  0.993  1.049  0.992  
merge_sort_std_parallel 16 9 1024
4.226  4.275  4.218  4.166  4.202  4.187  4.212  4.269  4.208  4.217  4.223  
mctop_sort_no_sse_all_sockets 16 9 1024
3.132  3.145  3.113  3.096  3.144  3.197  3.130  3.088  3.167  3.108  3.189  
merge_sort_std_parallel 256 9 1024
1.669  1.645  1.696  1.636  1.673  1.659  1.701  1.656  1.613  1.660  1.705  
mctop_sort_no_sse_all_sockets 256 9 1024
1.281  1.252  1.178  1.197  1.229  1.180  1.225  1.212  1.205  1.198  1.193  
