kmeans 10 32 5000000 80
MCTOP_ALLOC_SEQUENTIAL   80
Time	2559      2614      2639      2629      2671      2686      2627      2663      2640      2689      2634      
Pow	0.000     0.000     0.000     0.000     0.000     0.000     0.000     0.000     0.000     0.000     0.000     
Ene	0.000     0.000     0.000     0.000     0.000     0.000     0.000     0.000     0.000     0.000     0.000     
MCTOP_ALLOC_MIN_LAT_CORES_HWCS_BALANCE   40

Time	3787      4449      4424      2217      4421      3933      4534      4425      4021      2218      2264      
Pow	0.000     0.000     0.000     0.000     0.000     0.000     0.000     0.000     0.000     0.000     0.000     
Ene	0.000     0.000     0.000     0.000     0.000     0.000     0.000     0.000     0.000     0.000     0.000     
kmeans 10 32 50000000 80
MCTOP_ALLOC_SEQUENTIAL   80
Time	22345     24030     51242     22689     25290     51089     51062     51777     25995     25661     51068     
Pow	0.000     0.000     0.000     0.000     0.000     0.000     0.000     0.000     0.000     0.000     0.000     
Ene	0.000     0.000     0.000     0.000     0.000     0.000     0.000     0.000     0.000     0.000     0.000     
MCTOP_ALLOC_MIN_LAT_CORES_HWCS_BALANCE   40

Time	18503     21678     21963     43833     22082     43191     21711     44339     44378     43403     43402     
Pow	0.000     0.000     0.000     0.000     0.000     0.000     0.000     0.000     0.000     0.000     0.000     
Ene	0.000     0.000     0.000     0.000     0.000     0.000     0.000     0.000     0.000     0.000     0.000     
mean -N10240000000
MCTOP_ALLOC_SEQUENTIAL   40
Time	4897      4457      4903      4899      4901      4889      4909      4903      4904      4883      4760      
Pow	0.000     0.000     0.000     0.000     0.000     0.000     0.000     0.000     0.000     0.000     0.000     
Ene	0.000     0.000     0.000     0.000     0.000     0.000     0.000     0.000     0.000     0.000     0.000     
MCTOP_ALLOC_BW_ROUND_ROBIN_CORES   20

Time	4274      4220      4234      4241      4238      4230      4219      4237      4236      4228      4232      
Pow	0.000     0.000     0.000     0.000     0.000     0.000     0.000     0.000     0.000     0.000     0.000     
Ene	0.000     0.000     0.000     0.000     0.000     0.000     0.000     0.000     0.000     0.000     0.000     
pca -R 2048 -C 2048
MCTOP_ALLOC_SEQUENTIAL   20
Time	985       984       985       985       980       975       977       970       973       975       978       
Pow	0.000     0.000     0.000     0.000     0.000     0.000     0.000     0.000     0.000     0.000     0.000     
Ene	0.000     0.000     0.000     0.000     0.000     0.000     0.000     0.000     0.000     0.000     0.000     
MCTOP_ALLOC_MIN_LAT_CORES_HWCS_BALANCE   30
Time	920       912       919       919       934       919       927       917       927       918       927       
Pow	0.000     0.000     0.000     0.000     0.000     0.000     0.000     0.000     0.000     0.000     0.000     
Ene	0.000     0.000     0.000     0.000     0.000     0.000     0.000     0.000     0.000     0.000     0.000     
pca -R 8192 -C 8192
MCTOP_ALLOC_SEQUENTIAL   20
Time	68060     55749     59009     57766     58326     58401     58681     58952     57759     58297     58059     
Pow	0.000     0.000     0.000     0.000     0.000     0.000     0.000     0.000     0.000     0.000     0.000     
Ene	0.000     0.000     0.000     0.000     0.000     0.000     0.000     0.000     0.000     0.000     0.000     
MCTOP_ALLOC_MIN_LAT_CORES_HWCS_BALANCE   30
Time	56631     56573     54977     55910     56095     55670     55347     56519     54684     55626     53827     
Pow	0.000     0.000     0.000     0.000     0.000     0.000     0.000     0.000     0.000     0.000     0.000     
Ene	0.000     0.000     0.000     0.000     0.000     0.000     0.000     0.000     0.000     0.000     0.000     
wc /dev/shm/data/wc/300MB_1M_Keys.txt
MCTOP_ALLOC_SEQUENTIAL   30
Time	6377      6411      6260      6312      6284      6288      6266      6366      6336      6253      6313      
Pow	0.000     0.000     0.000     0.000     0.000     0.000     0.000     0.000     0.000     0.000     0.000     
Ene	0.000     0.000     0.000     0.000     0.000     0.000     0.000     0.000     0.000     0.000     0.000     
MCTOP_ALLOC_BW_ROUND_ROBIN_CORES   20
Time	4653      4623      4650      4622      4661      4653      4653      4637      4619      4612      4648      
Pow	0.000     0.000     0.000     0.000     0.000     0.000     0.000     0.000     0.000     0.000     0.000     
Ene	0.000     0.000     0.000     0.000     0.000     0.000     0.000     0.000     0.000     0.000     0.000     
wr /dev/shm/data/wr/800MB.txt
MCTOP_ALLOC_SEQUENTIAL   20
Time	12294     12241     12070     12240     12102     12181     12231     12129     12317     12204     12220     
Pow	0.000     0.000     0.000     0.000     0.000     0.000     0.000     0.000     0.000     0.000     0.000     
Ene	0.000     0.000     0.000     0.000     0.000     0.000     0.000     0.000     0.000     0.000     0.000     
MCTOP_ALLOC_BW_ROUND_ROBIN_CORES   20

Time	8442      8364      8544      8420      8521      8492      8592      8473      8441      8365      8334      
Pow	0.000     0.000     0.000     0.000     0.000     0.000     0.000     0.000     0.000     0.000     0.000     
Ene	0.000     0.000     0.000     0.000     0.000     0.000     0.000     0.000     0.000     0.000     0.000     
wrmem -s8192
MCTOP_ALLOC_SEQUENTIAL   40
Time	30970     31047     30823     31381     31083     29169     31144     31201     31048     31192     31046     
Pow	0.000     0.000     0.000     0.000     0.000     0.000     0.000     0.000     0.000     0.000     0.000     
Ene	0.000     0.000     0.000     0.000     0.000     0.000     0.000     0.000     0.000     0.000     0.000     
MCTOP_ALLOC_BW_ROUND_ROBIN_HWCS   60

Time	29080     28522     28818     28646     28390     28844     28833     28760     28999     29079     28211     
Pow	0.000     0.000     0.000     0.000     0.000     0.000     0.000     0.000     0.000     0.000     0.000     
Ene	0.000     0.000     0.000     0.000     0.000     0.000     0.000     0.000     0.000     0.000     0.000     
matrix_mult -l2000
MCTOP_ALLOC_SEQUENTIAL   160
Time	468       416       408       467       443       327       467       401       466       460       483       
Pow	0.000     0.000     0.000     0.000     0.000     0.000     0.000     0.000     0.000     0.000     0.000     
Ene	0.000     0.000     0.000     0.000     0.000     0.000     0.000     0.000     0.000     0.000     0.000     
MCTOP_ALLOC_MIN_LAT_CORES   160
Time	413       389       369       420       354       417       387       369       422       444       393       
Pow	0.000     0.000     0.000     0.000     0.000     0.000     0.000     0.000     0.000     0.000     0.000     
Ene	0.000     0.000     0.000     0.000     0.000     0.000     0.000     0.000     0.000     0.000     0.000     
matrix_mult -l6000
MCTOP_ALLOC_SEQUENTIAL   160
Time	7205      7381      7378      7385      7215      7362      7166      7370      7261      7414      7213      
Pow	0.000     0.000     0.000     0.000     0.000     0.000     0.000     0.000     0.000     0.000     0.000     
Ene	0.000     0.000     0.000     0.000     0.000     0.000     0.000     0.000     0.000     0.000     0.000     
MCTOP_ALLOC_MIN_LAT_CORES   160
Time	6941      7071      7020      7071      6815      7086      6979      6850      6915      6890      6819      
Pow	0.000     0.000     0.000     0.000     0.000     0.000     0.000     0.000     0.000     0.000     0.000     
Ene	0.000     0.000     0.000     0.000     0.000     0.000     0.000     0.000     0.000     0.000     0.000     
wsearchmem -i8192
MCTOP_ALLOC_SEQUENTIAL   60
Time	570       567       560       568       568       711       565       565       565       563       566       
Pow	0.000     0.000     0.000     0.000     0.000     0.000     0.000     0.000     0.000     0.000     0.000     
Ene	0.000     0.000     0.000     0.000     0.000     0.000     0.000     0.000     0.000     0.000     0.000     
MCTOP_ALLOC_BW_ROUND_ROBIN_CORES   40

Time	541       534       537       533       534       535       528       531       533       534       533       
Pow	0.000     0.000     0.000     0.000     0.000     0.000     0.000     0.000     0.000     0.000     0.000     
Ene	0.000     0.000     0.000     0.000     0.000     0.000     0.000     0.000     0.000     0.000     0.000     
wsearchmem -i32768
MCTOP_ALLOC_SEQUENTIAL   60
Time	2551      2072      2068      2060      2535      2072      2328      2063      2075      2072      2082      
Pow	0.000     0.000     0.000     0.000     0.000     0.000     0.000     0.000     0.000     0.000     0.000     
Ene	0.000     0.000     0.000     0.000     0.000     0.000     0.000     0.000     0.000     0.000     0.000     
MCTOP_ALLOC_BW_ROUND_ROBIN_CORES   40

Time	1965      1954      1950      1952      1961      1960      1948      1955      1965      1959      1952      
Pow	0.000     0.000     0.000     0.000     0.000     0.000     0.000     0.000     0.000     0.000     0.000     
Ene	0.000     0.000     0.000     0.000     0.000     0.000     0.000     0.000     0.000     0.000     0.000     
matrix_mult2 -l2000
MCTOP_ALLOC_SEQUENTIAL   160
Time	338       341       393       325       336       371       324       355       349       336       337       
Pow	0.000     0.000     0.000     0.000     0.000     0.000     0.000     0.000     0.000     0.000     0.000     
Ene	0.000     0.000     0.000     0.000     0.000     0.000     0.000     0.000     0.000     0.000     0.000     
MCTOP_ALLOC_MIN_LAT_CORES   80

Time	288       291       274       278       291       274       272       273       288       269       273       
Pow	0.000     0.000     0.000     0.000     0.000     0.000     0.000     0.000     0.000     0.000     0.000     
Ene	0.000     0.000     0.000     0.000     0.000     0.000     0.000     0.000     0.000     0.000     0.000     
matrix_mult2 -l6000
MCTOP_ALLOC_SEQUENTIAL   160
Time	5274      5278      5266      5253      5265      5157      5295      5268      5281      5144      5231      
Pow	0.000     0.000     0.000     0.000     0.000     0.000     0.000     0.000     0.000     0.000     0.000     
Ene	0.000     0.000     0.000     0.000     0.000     0.000     0.000     0.000     0.000     0.000     0.000     
MCTOP_ALLOC_MIN_LAT_CORES   80

Time	5069      5110      5081      5083      5071      5071      5075      5074      5113      5081      5104      
Pow	0.000     0.000     0.000     0.000     0.000     0.000     0.000     0.000     0.000     0.000     0.000     
Ene	0.000     0.000     0.000     0.000     0.000     0.000     0.000     0.000     0.000     0.000     0.000     
hist /dev/shm/data/hist-2.6g.bmp
MCTOP_ALLOC_SEQUENTIAL   10
Time	539       534       528       539       529       528       534       545       562       533       529       
Pow	0.000     0.000     0.000     0.000     0.000     0.000     0.000     0.000     0.000     0.000     0.000     
Ene	0.000     0.000     0.000     0.000     0.000     0.000     0.000     0.000     0.000     0.000     0.000     
MCTOP_ALLOC_MIN_LAT_HWCS   30
Time	416       421       420       426       425       422       423       422       423       428       419       
Pow	0.000     0.000     0.000     0.000     0.000     0.000     0.000     0.000     0.000     0.000     0.000     
Ene	0.000     0.000     0.000     0.000     0.000     0.000     0.000     0.000     0.000     0.000     0.000     
linear_regression /dev/shm/data/lr_4GB.txt
MCTOP_ALLOC_SEQUENTIAL   10
Time	846       859       853       862       851       852       858       854       855       862       855       
Pow	0.000     0.000     0.000     0.000     0.000     0.000     0.000     0.000     0.000     0.000     0.000     
Ene	0.000     0.000     0.000     0.000     0.000     0.000     0.000     0.000     0.000     0.000     0.000     
MCTOP_ALLOC_MIN_LAT_HWCS   30

Time	596       623       648       640       666       633       634       637       646       633       650       
Pow	0.000     0.000     0.000     0.000     0.000     0.000     0.000     0.000     0.000     0.000     0.000     
Ene	0.000     0.000     0.000     0.000     0.000     0.000     0.000     0.000     0.000     0.000     0.000     
string_match /dev/shm/data/sm_1GB.txt
MCTOP_ALLOC_SEQUENTIAL   160
Time	403       287       280       283       364       296       286       382       376       283       383       
Pow	0.000     0.000     0.000     0.000     0.000     0.000     0.000     0.000     0.000     0.000     0.000     
Ene	0.000     0.000     0.000     0.000     0.000     0.000     0.000     0.000     0.000     0.000     0.000     
MCTOP_ALLOC_MIN_LAT_HWCS_BALANCE   120

Time	318       290       295       275       275       300       274       300       294       294       285       
Pow	0.000     0.000     0.000     0.000     0.000     0.000     0.000     0.000     0.000     0.000     0.000     
Ene	0.000     0.000     0.000     0.000     0.000     0.000     0.000     0.000     0.000     0.000     0.000     
