kmeans 10 32 50000000 80
MCTOP_ALLOC_SEQUENTIAL   80
Time	45193     25632     25718     22542     25882     25843     25564     25482     25390     25724     25803     
Pow	0.000     0.000     0.000     0.000     0.000     0.000     0.000     0.000     0.000     0.000     0.000     
Ene	0.000     0.000     0.000     0.000     0.000     0.000     0.000     0.000     0.000     0.000     0.000     
MCTOP_ALLOC_MIN_LAT_CORES_HWCS   40
Time	47532     18204     21699     43777     21735     21755     43660     21767     21972     43697     21715     
Pow	0.000     0.000     0.000     0.000     0.000     0.000     0.000     0.000     0.000     0.000     0.000     
Ene	0.000     0.000     0.000     0.000     0.000     0.000     0.000     0.000     0.000     0.000     0.000     
mean -N10240000000
MCTOP_ALLOC_SEQUENTIAL   40
Time	4788      4489      4782      4771      4687      4786      4740      4787      4782      4780      4784      
Pow	0.000     0.000     0.000     0.000     0.000     0.000     0.000     0.000     0.000     0.000     0.000     
Ene	0.000     0.000     0.000     0.000     0.000     0.000     0.000     0.000     0.000     0.000     0.000     
MCTOP_ALLOC_MIN_LAT_HWCS   40
Time	6230      6237      6201      6202      6208      6232      6198      6217      6200      6220      6200      
Pow	0.000     0.000     0.000     0.000     0.000     0.000     0.000     0.000     0.000     0.000     0.000     
Ene	0.000     0.000     0.000     0.000     0.000     0.000     0.000     0.000     0.000     0.000     0.000     
wc data/wc/300MB_1M_Keys.txt
MCTOP_ALLOC_SEQUENTIAL   30
Time	6387      6284      6289      6318      6297      6331      6286      6308      6318      6250      6320      
Pow	0.000     0.000     0.000     0.000     0.000     0.000     0.000     0.000     0.000     0.000     0.000     
Ene	0.000     0.000     0.000     0.000     0.000     0.000     0.000     0.000     0.000     0.000     0.000     
MCTOP_ALLOC_BW_ROUND_ROBIN_CORES   20
Time	4664      4717      4708      4704      4701      4711      4672      4671      4691      4693      4676      
Pow	0.000     0.000     0.000     0.000     0.000     0.000     0.000     0.000     0.000     0.000     0.000     
Ene	0.000     0.000     0.000     0.000     0.000     0.000     0.000     0.000     0.000     0.000     0.000     
matrix_mult2 -l6000
MCTOP_ALLOC_SEQUENTIAL   160
Time	5265      5155      5263      5296      5273      5281      5272      5251      5153      5275      5155      
Pow	0.000     0.000     0.000     0.000     0.000     0.000     0.000     0.000     0.000     0.000     0.000     
Ene	0.000     0.000     0.000     0.000     0.000     0.000     0.000     0.000     0.000     0.000     0.000     
MCTOP_ALLOC_MIN_LAT_CORES   80
Time	5082      5062      5078      5075      5055      5058      5084      5069      5072      5091      5084      
Pow	0.000     0.000     0.000     0.000     0.000     0.000     0.000     0.000     0.000     0.000     0.000     
Ene	0.000     0.000     0.000     0.000     0.000     0.000     0.000     0.000     0.000     0.000     0.000     
