kmeans 10 32 5000000 80
MCTOP_ALLOC_SEQUENTIAL   80
Time	2366      2500      2642      2731      2398      2634      2650      2627      2727      2701      2650      
Pow	0.000     0.000     0.000     0.000     0.000     0.000     0.000     0.000     0.000     0.000     0.000     
Ene	0.000     0.000     0.000     0.000     0.000     0.000     0.000     0.000     0.000     0.000     0.000     
MCTOP_ALLOC_MIN_LAT_CORES_HWCS_BALANCE   80

Time	2614      2348      2287      2281      2244      2277      2263      2234      2263      2244      2231      
Pow	0.000     0.000     0.000     0.000     0.000     0.000     0.000     0.000     0.000     0.000     0.000     
Ene	0.000     0.000     0.000     0.000     0.000     0.000     0.000     0.000     0.000     0.000     0.000     
kmeans 10 32 50000000 80
MCTOP_ALLOC_SEQUENTIAL   80
Time	22594     23768     25349     25342     25741     22401     26075     25748     25390     25487     25861     
Pow	0.000     0.000     0.000     0.000     0.000     0.000     0.000     0.000     0.000     0.000     0.000     
Ene	0.000     0.000     0.000     0.000     0.000     0.000     0.000     0.000     0.000     0.000     0.000     
MCTOP_ALLOC_MIN_LAT_CORES_HWCS_BALANCE   80
Time	21189     21873     21047     21427     21285     21365     21383     43221     21385     42793     21147     
Pow	0.000     0.000     0.000     0.000     0.000     0.000     0.000     0.000     0.000     0.000     0.000     
Ene	0.000     0.000     0.000     0.000     0.000     0.000     0.000     0.000     0.000     0.000     0.000     
MCTOP_ALLOC_MIN_LAT_CORES_HWCS_BALANCE   40

Time	18573     21689     43803     44043     21626     22077     43374     23542     44150     43461     44054     
Pow	0.000     0.000     0.000     0.000     0.000     0.000     0.000     0.000     0.000     0.000     0.000     
Ene	0.000     0.000     0.000     0.000     0.000     0.000     0.000     0.000     0.000     0.000     0.000     
mean -N10240000000
MCTOP_ALLOC_SEQUENTIAL   40
Time	5104      4450      5077      5078      5082      5076      4816      5066      5069      5075      5030      
Pow	0.000     0.000     0.000     0.000     0.000     0.000     0.000     0.000     0.000     0.000     0.000     
Ene	0.000     0.000     0.000     0.000     0.000     0.000     0.000     0.000     0.000     0.000     0.000     
MCTOP_ALLOC_BW_ROUND_ROBIN_CORES   20

Time	4254      4236      4243      4237      4226      4231      4261      4255      4232      4246      4247      
Pow	0.000     0.000     0.000     0.000     0.000     0.000     0.000     0.000     0.000     0.000     0.000     
Ene	0.000     0.000     0.000     0.000     0.000     0.000     0.000     0.000     0.000     0.000     0.000     
pca -R 2048 -C 2048
MCTOP_ALLOC_SEQUENTIAL   20
Time	973       978       969       975       979       978       975       968       975       980       976       
Pow	0.000     0.000     0.000     0.000     0.000     0.000     0.000     0.000     0.000     0.000     0.000     
Ene	0.000     0.000     0.000     0.000     0.000     0.000     0.000     0.000     0.000     0.000     0.000     
MCTOP_ALLOC_MIN_LAT_CORES_HWCS_BALANCE   30
Time	927       922       923       922       915       919       917       930       936       934       915       
Pow	0.000     0.000     0.000     0.000     0.000     0.000     0.000     0.000     0.000     0.000     0.000     
Ene	0.000     0.000     0.000     0.000     0.000     0.000     0.000     0.000     0.000     0.000     0.000     
pca -R 8192 -C 8192
MCTOP_ALLOC_SEQUENTIAL   20
Time	67826     54851     59137     59158     59176     58321     58483     58795     59289     59051     58604     
Pow	0.000     0.000     0.000     0.000     0.000     0.000     0.000     0.000     0.000     0.000     0.000     
Ene	0.000     0.000     0.000     0.000     0.000     0.000     0.000     0.000     0.000     0.000     0.000     
MCTOP_ALLOC_MIN_LAT_CORES_HWCS_BALANCE   30
Time	56873     53487     55140     54829     56538     56263     55119     54067     54994     54786     56438     
Pow	0.000     0.000     0.000     0.000     0.000     0.000     0.000     0.000     0.000     0.000     0.000     
Ene	0.000     0.000     0.000     0.000     0.000     0.000     0.000     0.000     0.000     0.000     0.000     
wc data/wc/300MB_1M_Keys.txt
MCTOP_ALLOC_SEQUENTIAL   30
Time	6323      6322      6305      6341      6337      6316      6301      6303      6341      6322      6322      
Pow	0.000     0.000     0.000     0.000     0.000     0.000     0.000     0.000     0.000     0.000     0.000     
Ene	0.000     0.000     0.000     0.000     0.000     0.000     0.000     0.000     0.000     0.000     0.000     
MCTOP_ALLOC_BW_ROUND_ROBIN_CORES   20
Time	4611      4596      4643      4593      4648      4623      4668      4677      4634      4638      4640      
Pow	0.000     0.000     0.000     0.000     0.000     0.000     0.000     0.000     0.000     0.000     0.000     
Ene	0.000     0.000     0.000     0.000     0.000     0.000     0.000     0.000     0.000     0.000     0.000     
wr data/wr/800MB.txt
MCTOP_ALLOC_SEQUENTIAL   20
Time	12203     12281     12232     12245     12304     12269     12339     12189     12246     12263     12264     
Pow	0.000     0.000     0.000     0.000     0.000     0.000     0.000     0.000     0.000     0.000     0.000     
Ene	0.000     0.000     0.000     0.000     0.000     0.000     0.000     0.000     0.000     0.000     0.000     
MCTOP_ALLOC_BW_ROUND_ROBIN_CORES   20

Time	8498      8414      8391      8381      8574      8460      8518      8472      8416      8383      8464      
Pow	0.000     0.000     0.000     0.000     0.000     0.000     0.000     0.000     0.000     0.000     0.000     
Ene	0.000     0.000     0.000     0.000     0.000     0.000     0.000     0.000     0.000     0.000     0.000     
wrmem -s8192
MCTOP_ALLOC_SEQUENTIAL   40
Time	31580     30818     30712     31264     30737     31069     31124     30899     30715     31503     30369     
Pow	0.000     0.000     0.000     0.000     0.000     0.000     0.000     0.000     0.000     0.000     0.000     
Ene	0.000     0.000     0.000     0.000     0.000     0.000     0.000     0.000     0.000     0.000     0.000     
MCTOP_ALLOC_BW_ROUND_ROBIN_HWCS   60

Time	28614     28393     28818     28567     28562     28651     28040     28736     29033     28619     28365     
Pow	0.000     0.000     0.000     0.000     0.000     0.000     0.000     0.000     0.000     0.000     0.000     
Ene	0.000     0.000     0.000     0.000     0.000     0.000     0.000     0.000     0.000     0.000     0.000     
matrix_mult -l2000
MCTOP_ALLOC_SEQUENTIAL   160
Time	444       430       433       458       429       419       425       417       410       468       466       
Pow	0.000     0.000     0.000     0.000     0.000     0.000     0.000     0.000     0.000     0.000     0.000     
Ene	0.000     0.000     0.000     0.000     0.000     0.000     0.000     0.000     0.000     0.000     0.000     
MCTOP_ALLOC_MIN_LAT_CORES   160
Time	405       410       424       393       425       393       370       423       422       434       405       
Pow	0.000     0.000     0.000     0.000     0.000     0.000     0.000     0.000     0.000     0.000     0.000     
Ene	0.000     0.000     0.000     0.000     0.000     0.000     0.000     0.000     0.000     0.000     0.000     
matrix_mult -l6000
MCTOP_ALLOC_SEQUENTIAL   160
Time	7258      7395      7395      7404      7340      7298      7414      7443      7330      7221      7277      
Pow	0.000     0.000     0.000     0.000     0.000     0.000     0.000     0.000     0.000     0.000     0.000     
Ene	0.000     0.000     0.000     0.000     0.000     0.000     0.000     0.000     0.000     0.000     0.000     
MCTOP_ALLOC_MIN_LAT_CORES   160
Time	7039      6920      7037      6829      6960      6917      6998      7112      7051      6995      6964      
Pow	0.000     0.000     0.000     0.000     0.000     0.000     0.000     0.000     0.000     0.000     0.000     
Ene	0.000     0.000     0.000     0.000     0.000     0.000     0.000     0.000     0.000     0.000     0.000     
wsearchmem -i8192
MCTOP_ALLOC_SEQUENTIAL   60
Time	708       566       563       561       563       570       563       567       567       561       559       
Pow	0.000     0.000     0.000     0.000     0.000     0.000     0.000     0.000     0.000     0.000     0.000     
Ene	0.000     0.000     0.000     0.000     0.000     0.000     0.000     0.000     0.000     0.000     0.000     
MCTOP_ALLOC_BW_ROUND_ROBIN_CORES   40

Time	521       528       530       531       532       533       532       531       520       531       523       
Pow	0.000     0.000     0.000     0.000     0.000     0.000     0.000     0.000     0.000     0.000     0.000     
Ene	0.000     0.000     0.000     0.000     0.000     0.000     0.000     0.000     0.000     0.000     0.000     
wsearchmem -i32768
MCTOP_ALLOC_SEQUENTIAL   60
Time	2477      2026      2071      2056      2076      2060      2077      2070      2066      2328      2068      
Pow	0.000     0.000     0.000     0.000     0.000     0.000     0.000     0.000     0.000     0.000     0.000     
Ene	0.000     0.000     0.000     0.000     0.000     0.000     0.000     0.000     0.000     0.000     0.000     
MCTOP_ALLOC_BW_ROUND_ROBIN_CORES   40

Time	1952      1948      1931      1960      1942      1952      1937      1942      1943      1940      1959      
Pow	0.000     0.000     0.000     0.000     0.000     0.000     0.000     0.000     0.000     0.000     0.000     
Ene	0.000     0.000     0.000     0.000     0.000     0.000     0.000     0.000     0.000     0.000     0.000     
matrix_mult2 -l2000
MCTOP_ALLOC_SEQUENTIAL   160
Time	333       328       371       362       349       337       337       382       379       363       367       
Pow	0.000     0.000     0.000     0.000     0.000     0.000     0.000     0.000     0.000     0.000     0.000     
Ene	0.000     0.000     0.000     0.000     0.000     0.000     0.000     0.000     0.000     0.000     0.000     
MCTOP_ALLOC_MIN_LAT_CORES   80

Time	264       268       275       292       298       274       275       274       275       273       273       
Pow	0.000     0.000     0.000     0.000     0.000     0.000     0.000     0.000     0.000     0.000     0.000     
Ene	0.000     0.000     0.000     0.000     0.000     0.000     0.000     0.000     0.000     0.000     0.000     
matrix_mult2 -l6000
MCTOP_ALLOC_SEQUENTIAL   160
Time	5171      5294      5257      5268      5261      5251      5275      5265      5274      5264      5252      
Pow	0.000     0.000     0.000     0.000     0.000     0.000     0.000     0.000     0.000     0.000     0.000     
Ene	0.000     0.000     0.000     0.000     0.000     0.000     0.000     0.000     0.000     0.000     0.000     
MCTOP_ALLOC_MIN_LAT_CORES   80

Time	5111      5085      5076      5111      5096      5106      5109      5070      5076      5080      5106      
Pow	0.000     0.000     0.000     0.000     0.000     0.000     0.000     0.000     0.000     0.000     0.000     
Ene	0.000     0.000     0.000     0.000     0.000     0.000     0.000     0.000     0.000     0.000     0.000     
hist data/hist-2.6g.bmp
MCTOP_ALLOC_SEQUENTIAL   10
Time	50173     488       489       489       486       488       497       488       487       495       494       
Pow	0.000     0.000     0.000     0.000     0.000     0.000     0.000     0.000     0.000     0.000     0.000     
Ene	0.000     0.000     0.000     0.000     0.000     0.000     0.000     0.000     0.000     0.000     0.000     
MCTOP_ALLOC_MIN_LAT_HWCS   30
Time	391       397       371       372       375       411       374       410       429       373       361       
Pow	0.000     0.000     0.000     0.000     0.000     0.000     0.000     0.000     0.000     0.000     0.000     
Ene	0.000     0.000     0.000     0.000     0.000     0.000     0.000     0.000     0.000     0.000     0.000     
linear_regression data/lr_4GB.txt
MCTOP_ALLOC_SEQUENTIAL   10
Time	72093     823       823       823       820       822       819       828       826       822       817       
Pow	0.000     0.000     0.000     0.000     0.000     0.000     0.000     0.000     0.000     0.000     0.000     
Ene	0.000     0.000     0.000     0.000     0.000     0.000     0.000     0.000     0.000     0.000     0.000     
MCTOP_ALLOC_MIN_LAT_HWCS   30

Time	541       607       596       565       603       567       561       568       571       584       558       
Pow	0.000     0.000     0.000     0.000     0.000     0.000     0.000     0.000     0.000     0.000     0.000     
Ene	0.000     0.000     0.000     0.000     0.000     0.000     0.000     0.000     0.000     0.000     0.000     
string_match data/sm_1GB.txt
MCTOP_ALLOC_SEQUENTIAL   160
Time	10503     359       377       379       298       307       411       295       297       285       284       
Pow	0.000     0.000     0.000     0.000     0.000     0.000     0.000     0.000     0.000     0.000     0.000     
Ene	0.000     0.000     0.000     0.000     0.000     0.000     0.000     0.000     0.000     0.000     0.000     
MCTOP_ALLOC_MIN_LAT_HWCS_BALANCE   120

Time	280       296       309       284       270       285       267       293       282       278       323       
Pow	0.000     0.000     0.000     0.000     0.000     0.000     0.000     0.000     0.000     0.000     0.000     
Ene	0.000     0.000     0.000     0.000     0.000     0.000     0.000     0.000     0.000     0.000     0.000     
