Trying to use tmpfs!\n
Copying ./data to /run/
kmeans
MCTOP_ALLOC_SEQUENTIAL   48
Time	20899     44478     21313     21304     26732     73142     63775     39049     98875     67913     21277     
Pow	0.000     0.000     0.000     0.000     0.000     0.000     0.000     0.000     0.000     0.000     0.000     
Ene	0.000     0.000     0.000     0.000     0.000     0.000     0.000     0.000     0.000     0.000     0.000     
MCTOP_ALLOC_MIN_LAT_HWCS   24
Time	22645     21659     22997     87297     21993     51666     68067     22758     22234     61981     25881     
Pow	0.000     0.000     0.000     0.000     0.000     0.000     0.000     0.000     0.000     0.000     0.000     
Ene	0.000     0.000     0.000     0.000     0.000     0.000     0.000     0.000     0.000     0.000     0.000     
mean
MCTOP_ALLOC_SEQUENTIAL   48
Time	9933      9975      10189     9903      9858      10012     9984      9546      9983      10023     9840      
Pow	0.000     0.000     0.000     0.000     0.000     0.000     0.000     0.000     0.000     0.000     0.000     
Ene	0.000     0.000     0.000     0.000     0.000     0.000     0.000     0.000     0.000     0.000     0.000     
MCTOP_ALLOC_MIN_LAT_HWCS   24
Time	11485     11490     11493     11484     11522     11470     11482     11476     11484     11475     11457     
Pow	0.000     0.000     0.000     0.000     0.000     0.000     0.000     0.000     0.000     0.000     0.000     
Ene	0.000     0.000     0.000     0.000     0.000     0.000     0.000     0.000     0.000     0.000     0.000     
pca
MCTOP_ALLOC_SEQUENTIAL   48
Time	102128    103529    98494     98896     100416    93983     102074    85208     95254     95063     99637     
Pow	0.000     0.000     0.000     0.000     0.000     0.000     0.000     0.000     0.000     0.000     0.000     
Ene	0.000     0.000     0.000     0.000     0.000     0.000     0.000     0.000     0.000     0.000     0.000     
MCTOP_ALLOC_NONE   42
Time	91624     82948     90481     79669     81037     98093     88172     109958    95196     90016     104832    
Pow	0.000     0.000     0.000     0.000     0.000     0.000     0.000     0.000     0.000     0.000     0.000     
Ene	0.000     0.000     0.000     0.000     0.000     0.000     0.000     0.000     0.000     0.000     0.000     
wc
MCTOP_ALLOC_SEQUENTIAL   42
Time	0         0         0         0         0         0         0         0         0         0         0         
Pow	0.000     0.000     0.000     0.000     0.000     0.000     0.000     0.000     0.000     0.000     0.000     
Ene	0.000     0.000     0.000     0.000     0.000     0.000     0.000     0.000     0.000     0.000     0.000     
MCTOP_ALLOC_BW_ROUND_ROBIN_HWCS   24
Time	0         0         0         0         0         0         0         0         0         0         0         
Pow	0.000     0.000     0.000     0.000     0.000     0.000     0.000     0.000     0.000     0.000     0.000     
Ene	0.000     0.000     0.000     0.000     0.000     0.000     0.000     0.000     0.000     0.000     0.000     
wr
MCTOP_ALLOC_SEQUENTIAL   48
Time	0         0         0         0         0         0         0         0         0         0         0         
Pow	0.000     0.000     0.000     0.000     0.000     0.000     0.000     0.000     0.000     0.000     0.000     
Ene	0.000     0.000     0.000     0.000     0.000     0.000     0.000     0.000     0.000     0.000     0.000     
MCTOP_ALLOC_MIN_LAT_CORES   42
Time	0         0         0         0         0         0         0         0         0         0         0         
Pow	0.000     0.000     0.000     0.000     0.000     0.000     0.000     0.000     0.000     0.000     0.000     
Ene	0.000     0.000     0.000     0.000     0.000     0.000     0.000     0.000     0.000     0.000     0.000     
wrmem
MCTOP_ALLOC_SEQUENTIAL   48
Time	49481     46562     45269     44573     44890     46230     44704     46925     45070     44532     45278     
Pow	0.000     0.000     0.000     0.000     0.000     0.000     0.000     0.000     0.000     0.000     0.000     
Ene	0.000     0.000     0.000     0.000     0.000     0.000     0.000     0.000     0.000     0.000     0.000     
MCTOP_ALLOC_MIN_LAT_CORES   42
Time	32813     36829     37617     34054     32029     37514     37255     33839     34350     35613     32307     
Pow	0.000     0.000     0.000     0.000     0.000     0.000     0.000     0.000     0.000     0.000     0.000     
Ene	0.000     0.000     0.000     0.000     0.000     0.000     0.000     0.000     0.000     0.000     0.000     
matrix_mult
MCTOP_ALLOC_SEQUENTIAL   48
Time	17301     17016     17165     17075     17040     17112     17096     17095     17062     17008     17059     
Pow	0.000     0.000     0.000     0.000     0.000     0.000     0.000     0.000     0.000     0.000     0.000     
Ene	0.000     0.000     0.000     0.000     0.000     0.000     0.000     0.000     0.000     0.000     0.000     
MCTOP_ALLOC_NONE   48
Time	17113     17212     17480     17548     17519     17247     17667     17629     17466     17501     17558     
Pow	0.000     0.000     0.000     0.000     0.000     0.000     0.000     0.000     0.000     0.000     0.000     
Ene	0.000     0.000     0.000     0.000     0.000     0.000     0.000     0.000     0.000     0.000     0.000     
wsearchmem
MCTOP_ALLOC_SEQUENTIAL   48
Time	4859      5250      5260      5297      5260      5043      5267      5243      5259      5321      5237      
Pow	0.000     0.000     0.000     0.000     0.000     0.000     0.000     0.000     0.000     0.000     0.000     
Ene	0.000     0.000     0.000     0.000     0.000     0.000     0.000     0.000     0.000     0.000     0.000     
MCTOP_ALLOC_MIN_LAT_CORES   48
Time	4501      4488      4479      4522      4515      4509      4485      4515      4506      4486      4481      
Pow	0.000     0.000     0.000     0.000     0.000     0.000     0.000     0.000     0.000     0.000     0.000     
Ene	0.000     0.000     0.000     0.000     0.000     0.000     0.000     0.000     0.000     0.000     0.000     
matrix_mult2
MCTOP_ALLOC_SEQUENTIAL   48
Time	11213     11376     11727     11629     11582     11570     11119     11101     11512     11511     11669     
Pow	0.000     0.000     0.000     0.000     0.000     0.000     0.000     0.000     0.000     0.000     0.000     
Ene	0.000     0.000     0.000     0.000     0.000     0.000     0.000     0.000     0.000     0.000     0.000     
MCTOP_ALLOC_NONE   48
Time	11418     11443     11540     11385     11508     11260     11496     11349     11321     11460     11653     
Pow	0.000     0.000     0.000     0.000     0.000     0.000     0.000     0.000     0.000     0.000     0.000     
Ene	0.000     0.000     0.000     0.000     0.000     0.000     0.000     0.000     0.000     0.000     0.000     
hist
MCTOP_ALLOC_SEQUENTIAL   48
Time	0         0         0         0         0         0         0         0         0         0         0         
Pow	0.000     0.000     0.000     0.000     0.000     0.000     0.000     0.000     0.000     0.000     0.000     
Ene	0.000     0.000     0.000     0.000     0.000     0.000     0.000     0.000     0.000     0.000     0.000     
MCTOP_ALLOC_BW_ROUND_ROBIN_HWCS   42
Time	0         0         0         0         0         0         0         0         0         0         0         
Pow	0.000     0.000     0.000     0.000     0.000     0.000     0.000     0.000     0.000     0.000     0.000     
Ene	0.000     0.000     0.000     0.000     0.000     0.000     0.000     0.000     0.000     0.000     0.000     
linear_regression
MCTOP_ALLOC_SEQUENTIAL   42
Time	0         0         0         0         0         0         0         0         0         0         0         
Pow	0.000     0.000     0.000     0.000     0.000     0.000     0.000     0.000     0.000     0.000     0.000     
Ene	0.000     0.000     0.000     0.000     0.000     0.000     0.000     0.000     0.000     0.000     0.000     
MCTOP_ALLOC_NONE   42
Time	0         0         0         0         0         0         0         0         0         0         0         
Pow	0.000     0.000     0.000     0.000     0.000     0.000     0.000     0.000     0.000     0.000     0.000     
Ene	0.000     0.000     0.000     0.000     0.000     0.000     0.000     0.000     0.000     0.000     0.000     
string_match
MCTOP_ALLOC_SEQUENTIAL   48
Time	0         0         0         0         0         0         0         0         0         0         0         
Pow	0.000     0.000     0.000     0.000     0.000     0.000     0.000     0.000     0.000     0.000     0.000     
Ene	0.000     0.000     0.000     0.000     0.000     0.000     0.000     0.000     0.000     0.000     0.000     
MCTOP_ALLOC_MIN_LAT_CORES   48
Time	0         0         0         0         0         0         0         0         0         0         0         
Pow	0.000     0.000     0.000     0.000     0.000     0.000     0.000     0.000     0.000     0.000     0.000     
Ene	0.000     0.000     0.000     0.000     0.000     0.000     0.000     0.000     0.000     0.000     0.000     
