kmeans 10 32 50000000 80
MCTOP_ALLOC_SEQUENTIAL   48
Time	19571     19467     19152     19760     19474     19334     20104     19527     18993     20470     19271     
Pow	0.000     0.000     0.000     0.000     0.000     0.000     0.000     0.000     0.000     0.000     0.000     
Ene	0.000     0.000     0.000     0.000     0.000     0.000     0.000     0.000     0.000     0.000     0.000     
MCTOP_ALLOC_MIN_LAT_CORES_HWCS   24
Time	20309     20103     20571     20218     19598     20357     20186     20516     20581     20140     19882     
Pow	0.000     0.000     0.000     0.000     0.000     0.000     0.000     0.000     0.000     0.000     0.000     
Ene	0.000     0.000     0.000     0.000     0.000     0.000     0.000     0.000     0.000     0.000     0.000     
mean -N10240000000
MCTOP_ALLOC_SEQUENTIAL   42
Time	9909      10362     9313      9705      10004     9809      9990      9938      9087      10135     9912      
Pow	0.000     0.000     0.000     0.000     0.000     0.000     0.000     0.000     0.000     0.000     0.000     
Ene	0.000     0.000     0.000     0.000     0.000     0.000     0.000     0.000     0.000     0.000     0.000     
MCTOP_ALLOC_MIN_LAT_HWCS   36
Time	9696      9762      9723      9773      9599      9713      9752      9657      9782      9687      9831      
Pow	0.000     0.000     0.000     0.000     0.000     0.000     0.000     0.000     0.000     0.000     0.000     
Ene	0.000     0.000     0.000     0.000     0.000     0.000     0.000     0.000     0.000     0.000     0.000     
wc data/wc/300MB_1M_Keys.txt
MCTOP_ALLOC_SEQUENTIAL   42
Time	12987     14998     14629     15685     15866     15019     16502     15524     15148     15275     19814     
Pow	0.000     0.000     0.000     0.000     0.000     0.000     0.000     0.000     0.000     0.000     0.000     
Ene	0.000     0.000     0.000     0.000     0.000     0.000     0.000     0.000     0.000     0.000     0.000     
MCTOP_ALLOC_BW_ROUND_ROBIN_CORES   42
Time	16118     15615     15437     15257     15072     15487     14345     14679     15235     15458     15503     
Pow	0.000     0.000     0.000     0.000     0.000     0.000     0.000     0.000     0.000     0.000     0.000     
Ene	0.000     0.000     0.000     0.000     0.000     0.000     0.000     0.000     0.000     0.000     0.000     
matrix_mult2 -l6000
MCTOP_ALLOC_SEQUENTIAL   48
Time	11124     11184     11171     11161     11182     11200     11198     11215     11190     11073     11033     
Pow	0.000     0.000     0.000     0.000     0.000     0.000     0.000     0.000     0.000     0.000     0.000     
Ene	0.000     0.000     0.000     0.000     0.000     0.000     0.000     0.000     0.000     0.000     0.000     
MCTOP_ALLOC_MIN_LAT_CORES   42
Time	12402     12222     12286     12414     12190     12377     12399     12398     12589     12526     12434     
Pow	0.000     0.000     0.000     0.000     0.000     0.000     0.000     0.000     0.000     0.000     0.000     
Ene	0.000     0.000     0.000     0.000     0.000     0.000     0.000     0.000     0.000     0.000     0.000     
