kmeans
MCTOP_ALLOC_SEQUENTIAL   48
Time	22482     21009     21920     21269     85894     21410     21195     62826     63198     117691    21442     
Pow	0.000     0.000     0.000     0.000     0.000     0.000     0.000     0.000     0.000     0.000     0.000     
Ene	0.000     0.000     0.000     0.000     0.000     0.000     0.000     0.000     0.000     0.000     0.000     
MCTOP_ALLOC_MIN_LAT_HWCS   24
Time	22036     22177     21878     22147     22843     22308     66668     22637     22152     66328     22286     
Pow	0.000     0.000     0.000     0.000     0.000     0.000     0.000     0.000     0.000     0.000     0.000     
Ene	0.000     0.000     0.000     0.000     0.000     0.000     0.000     0.000     0.000     0.000     0.000     
mean
MCTOP_ALLOC_SEQUENTIAL   48
Time	9917      10037     10190     10032     9972      9965      10082     9971      9944      10018     10073     
Pow	0.000     0.000     0.000     0.000     0.000     0.000     0.000     0.000     0.000     0.000     0.000     
Ene	0.000     0.000     0.000     0.000     0.000     0.000     0.000     0.000     0.000     0.000     0.000     
MCTOP_ALLOC_MIN_LAT_HWCS   24
Time	11500     11495     11455     11488     11475     11457     11468     11510     11538     11490     11537     
Pow	0.000     0.000     0.000     0.000     0.000     0.000     0.000     0.000     0.000     0.000     0.000     
Ene	0.000     0.000     0.000     0.000     0.000     0.000     0.000     0.000     0.000     0.000     0.000     
pca
MCTOP_ALLOC_SEQUENTIAL   48
Time	121160    98350     102762    89374     95825     99968     111450    83210     97241     91978     90430     
Pow	0.000     0.000     0.000     0.000     0.000     0.000     0.000     0.000     0.000     0.000     0.000     
Ene	0.000     0.000     0.000     0.000     0.000     0.000     0.000     0.000     0.000     0.000     0.000     
MCTOP_ALLOC_NONE   42
Time	80672     78474     89722     88350     82360     94181     91131     82738     89884     85664     91212     
Pow	0.000     0.000     0.000     0.000     0.000     0.000     0.000     0.000     0.000     0.000     0.000     
Ene	0.000     0.000     0.000     0.000     0.000     0.000     0.000     0.000     0.000     0.000     0.000     
wc
MCTOP_ALLOC_SEQUENTIAL   42
Time	0         0         0         0         0         0         0         0         0         0         0         
Pow	0.000     0.000     0.000     0.000     0.000     0.000     0.000     0.000     0.000     0.000     0.000     
Ene	0.000     0.000     0.000     0.000     0.000     0.000     0.000     0.000     0.000     0.000     0.000     
MCTOP_ALLOC_BW_ROUND_ROBIN_HWCS   24
Time	0         0         0         0         0         0         0         0         0         0         0         
Pow	0.000     0.000     0.000     0.000     0.000     0.000     0.000     0.000     0.000     0.000     0.000     
Ene	0.000     0.000     0.000     0.000     0.000     0.000     0.000     0.000     0.000     0.000     0.000     
wr
MCTOP_ALLOC_SEQUENTIAL   48
Time	0         0         0         0         0         0         0         0         0         0         0         
Pow	0.000     0.000     0.000     0.000     0.000     0.000     0.000     0.000     0.000     0.000     0.000     
Ene	0.000     0.000     0.000     0.000     0.000     0.000     0.000     0.000     0.000     0.000     0.000     
MCTOP_ALLOC_MIN_LAT_CORES   42
Time	0         0         0         0         0         0         0         0         0         0         0         
Pow	0.000     0.000     0.000     0.000     0.000     0.000     0.000     0.000     0.000     0.000     0.000     
Ene	0.000     0.000     0.000     0.000     0.000     0.000     0.000     0.000     0.000     0.000     0.000     
wrmem
MCTOP_ALLOC_SEQUENTIAL   48
Time	48357     44480     47032     44400     45240     44281     45956     43703     45794     44827     44906     
Pow	0.000     0.000     0.000     0.000     0.000     0.000     0.000     0.000     0.000     0.000     0.000     
Ene	0.000     0.000     0.000     0.000     0.000     0.000     0.000     0.000     0.000     0.000     0.000     
MCTOP_ALLOC_MIN_LAT_CORES   42
Time	38929     36862     32846     33691     31218     33959     32485     33897     33002     30501     35759     
Pow	0.000     0.000     0.000     0.000     0.000     0.000     0.000     0.000     0.000     0.000     0.000     
Ene	0.000     0.000     0.000     0.000     0.000     0.000     0.000     0.000     0.000     0.000     0.000     
matrix_mult
MCTOP_ALLOC_SEQUENTIAL   48
Time	17546     16944     17522     17537     17628     17284     17229     17122     17623     17376     17434     
Pow	0.000     0.000     0.000     0.000     0.000     0.000     0.000     0.000     0.000     0.000     0.000     
Ene	0.000     0.000     0.000     0.000     0.000     0.000     0.000     0.000     0.000     0.000     0.000     
MCTOP_ALLOC_NONE   48
Time	17543     17554     17710     17657     17740     17668     17645     17718     17634     17712     17648     
Pow	0.000     0.000     0.000     0.000     0.000     0.000     0.000     0.000     0.000     0.000     0.000     
Ene	0.000     0.000     0.000     0.000     0.000     0.000     0.000     0.000     0.000     0.000     0.000     
wsearchmem
MCTOP_ALLOC_SEQUENTIAL   48
Time	4944      5261      5170      5243      5258      5252      5284      5233      5264      5210      5260      
Pow	0.000     0.000     0.000     0.000     0.000     0.000     0.000     0.000     0.000     0.000     0.000     
Ene	0.000     0.000     0.000     0.000     0.000     0.000     0.000     0.000     0.000     0.000     0.000     
MCTOP_ALLOC_MIN_LAT_CORES   48
Time	4481      4567      4497      4483      4628      4469      4499      4484      4501      4487      4482      
Pow	0.000     0.000     0.000     0.000     0.000     0.000     0.000     0.000     0.000     0.000     0.000     
Ene	0.000     0.000     0.000     0.000     0.000     0.000     0.000     0.000     0.000     0.000     0.000     
matrix_mult2
MCTOP_ALLOC_SEQUENTIAL   48
Time	11049     11627     11739     11562     11419     11485     11442     11467     11467     11425     11470     
Pow	0.000     0.000     0.000     0.000     0.000     0.000     0.000     0.000     0.000     0.000     0.000     
Ene	0.000     0.000     0.000     0.000     0.000     0.000     0.000     0.000     0.000     0.000     0.000     
MCTOP_ALLOC_NONE   48
Time	11470     11385     11222     11375     11570     11418     11642     11445     11872     11422     11573     
Pow	0.000     0.000     0.000     0.000     0.000     0.000     0.000     0.000     0.000     0.000     0.000     
Ene	0.000     0.000     0.000     0.000     0.000     0.000     0.000     0.000     0.000     0.000     0.000     
hist
MCTOP_ALLOC_SEQUENTIAL   48
Time	0         0         0         0         0         0         0         0         0         0         0         
Pow	0.000     0.000     0.000     0.000     0.000     0.000     0.000     0.000     0.000     0.000     0.000     
Ene	0.000     0.000     0.000     0.000     0.000     0.000     0.000     0.000     0.000     0.000     0.000     
MCTOP_ALLOC_BW_ROUND_ROBIN_HWCS   42
Time	0         0         0         0         0         0         0         0         0         0         0         
Pow	0.000     0.000     0.000     0.000     0.000     0.000     0.000     0.000     0.000     0.000     0.000     
Ene	0.000     0.000     0.000     0.000     0.000     0.000     0.000     0.000     0.000     0.000     0.000     
linear_regression
MCTOP_ALLOC_SEQUENTIAL   42
Time	0         0         0         0         0         0         0         0         0         0         0         
Pow	0.000     0.000     0.000     0.000     0.000     0.000     0.000     0.000     0.000     0.000     0.000     
Ene	0.000     0.000     0.000     0.000     0.000     0.000     0.000     0.000     0.000     0.000     0.000     
MCTOP_ALLOC_NONE   42
Time	0         0         0         0         0         0         0         0         0         0         0         
Pow	0.000     0.000     0.000     0.000     0.000     0.000     0.000     0.000     0.000     0.000     0.000     
Ene	0.000     0.000     0.000     0.000     0.000     0.000     0.000     0.000     0.000     0.000     0.000     
string_match
MCTOP_ALLOC_SEQUENTIAL   48
Time	0         0         0         0         0         0         0         0         0         0         0         
Pow	0.000     0.000     0.000     0.000     0.000     0.000     0.000     0.000     0.000     0.000     0.000     
Ene	0.000     0.000     0.000     0.000     0.000     0.000     0.000     0.000     0.000     0.000     0.000     
MCTOP_ALLOC_MIN_LAT_CORES   48
Time	0         0         0         0         0         0         0         0         0         0         0         
Pow	0.000     0.000     0.000     0.000     0.000     0.000     0.000     0.000     0.000     0.000     0.000     
Ene	0.000     0.000     0.000     0.000     0.000     0.000     0.000     0.000     0.000     0.000     0.000     
