kmeans 10 32 50000000 80
MCTOP_ALLOC_SEQUENTIAL   96
Time	12769     12474     12137     12709     12050     12655     12087     12030     12474     12936     12513     
Pow	407.162   409.234   408.831   408.411   409.477   407.811   409.681   409.692   410.567   408.385   408.917   
Ene	5199.055  5104.790  4961.984  5190.498  4934.200  5160.843  4951.809  4928.595  5121.413  5282.869  5116.773  
MCTOP_ALLOC_MIN_LAT_CORES_HWCS   12
Time	10867     10862     10548     10843     10611     11318     11694     11118     10742     11277     10906     
Pow	278.716   277.692   279.317   277.841   277.078   275.671   259.174   275.833   276.756   276.003   276.525   
Ene	3028.804  3016.289  2946.236  3012.629  2940.076  3120.044  3030.784  3066.709  2972.909  3112.481  3015.787  
mean -N10240000000
MCTOP_ALLOC_SEQUENTIAL   48
Time	3095      3083      3085      3097      3101      3093      3103      3091      3105      3094      3107      
Pow	399.469   398.410   398.992   398.796   398.564   397.274   398.270   398.920   399.176   398.830   399.103   
Ene	1236.357  1228.297  1230.892  1235.071  1235.946  1228.768  1235.830  1233.063  1239.442  1233.980  1240.015  
MCTOP_ALLOC_MIN_LAT_HWCS   24
Time	1724      1730      1725      1740      1730      1726      1741      1743      1743      1733      1729      
Pow	297.450   296.398   296.839   296.513   296.992   297.024   296.362   297.288   296.282   297.029   296.699   
Ene	512.804   512.769   512.048   515.932   513.796   512.664   515.966   518.174   516.419   514.750   512.992   
wc data/wc/300MB_1M_Keys.txt
MCTOP_ALLOC_SEQUENTIAL   48
Time	23279     25723     26550     26268     24062     26849     27215     30138     24522     29607     28410     
Pow	251.409   253.249   252.235   254.425   253.700   253.954   253.405   254.181   253.257   254.620   252.687   
Ene	5852.554  6514.329  6696.829  6683.228  6104.529  6818.409  6896.407  7660.504  6210.377  7538.535  7178.825  
MCTOP_ALLOC_BW_ROUND_ROBIN_CORES   48
Time	26953     26930     28812     26264     26469     29565     26825     26199     25373     24769     29649     
Pow	253.785   253.559   253.554   251.391   252.701   253.060   252.949   251.736   253.251   250.559   253.481   
Ene	6840.270  6828.339  7305.391  6602.533  6688.732  7481.729  6785.351  6595.234  6425.725  6206.094  7515.467  
matrix_mult2 -l6000
MCTOP_ALLOC_SEQUENTIAL   96
Time	5007      5009      4982      4998      5006      4997      5007      4984      5037      5003      5010      
Pow	545.294   544.767   545.662   546.007   546.320   549.072   547.021   550.882   549.009   549.654   548.840   
Ene	2730.289  2728.737  2718.490  2728.945  2734.878  2743.712  2738.936  2745.597  2765.357  2749.918  2749.687  
MCTOP_ALLOC_MIN_LAT_CORES   96
Time	4980      5013      4985      4990      4962      4996      5002      5001      4984      4980      4987      
Pow	547.395   546.119   549.127   549.074   549.421   549.427   549.613   549.988   551.362   549.824   550.002   
Ene	2726.029  2737.696  2737.400  2739.879  2726.226  2744.936  2749.163  2750.492  2747.986  2738.125  2742.857  
