kmeans 10 32 5000000 80
MCTOP_ALLOC_SEQUENTIAL   96
Time	1329      1254      1265      1262      1280      1249      1316      1289      1345      1238      1246      
Pow	410.031   417.563   413.056   414.875   412.775   415.268   413.401   414.173   411.673   413.876   414.457   
Ene	544.931   523.624   522.516   523.572   528.351   518.669   544.036   533.869   553.700   512.378   516.414   
MCTOP_ALLOC_MIN_LAT_CORES   12
Time	1087      1121      1076      1094      1083      1104      1085      1147      1088      1130      1083      
Pow	278.648   277.577   278.505   277.892   278.154   277.086   278.253   275.674   276.372   275.731   277.131   
Ene	302.891   311.164   299.671   304.013   301.241   305.903   301.905   316.198   300.693   311.576   300.133   
kmeans 10 32 50000000 80
MCTOP_ALLOC_SEQUENTIAL   96
Time	12170     12171     12748     12210     12672     12713     12113     11948     12169     12613     12081     
Pow	409.253   409.499   407.340   409.025   408.090   408.310   409.460   410.421   409.888   408.946   410.338   
Ene	4980.614  4984.011  5192.771  4994.201  5171.312  5190.846  4959.790  4903.715  4987.929  5158.450  4957.294  
MCTOP_ALLOC_MIN_LAT_CORES   12
Time	10646     11026     11161     11079     10847     11239     10702     10752     11099     10934     11209     
Pow	279.494   278.541   278.084   277.610   278.438   277.125   278.135   277.474   273.622   277.358   276.959   
Ene	2975.491  3071.189  3103.696  3075.645  3020.217  3114.610  2976.602  2983.399  3036.931  3032.637  3104.433  
mean -N10240000000
MCTOP_ALLOC_SEQUENTIAL   48
Time	3094      3088      3094      3104      3087      3106      3099      3085      3102      3101      3089      
Pow	400.099   399.088   398.208   399.412   400.341   398.788   399.491   399.940   399.020   399.268   399.690   
Ene	1237.906  1232.384  1232.054  1239.776  1235.851  1238.637  1238.024  1233.815  1237.760  1238.132  1234.642  
MCTOP_ALLOC_MIN_LAT_HWCS   24
Time	1730      1735      1734      1734      1742      1740      1722      1725      1729      1732      1734      
Pow	297.678   297.428   297.520   297.481   296.740   296.923   297.410   297.570   297.383   297.228   297.317   
Ene	514.983   516.038   515.900   515.832   516.922   516.646   512.140   513.308   514.175   514.798   515.547   
pca -R 2048 -C 2048
MCTOP_ALLOC_SEQUENTIAL   48
Time	3845      3707      3724      3906      3955      3842      3992      4204      4019      3794      3837      
Pow	262.449   258.838   261.490   261.209   259.229   254.600   254.825   255.945   257.207   258.701   258.731   
Ene	1009.118  959.513   973.790   1020.282  1025.252  978.171   1017.261  1075.992  1033.717  981.513   992.749   
MCTOP_ALLOC_BW_ROUND_ROBIN_CORES   48
Time	3708      3987      3901      3855      3853      3874      4051      3824      3937      3997      3910      
Pow	259.707   254.940   258.329   257.759   257.719   257.787   255.708   257.387   254.684   255.485   257.275   
Ene	962.993   1016.447  1007.740  993.662   992.993   998.665   1035.874  984.250   1002.690  1021.172  1005.947  
pca -R 8192 -C 8192
MCTOP_ALLOC_SEQUENTIAL   48
Time	84639     83245     81102     84191     78438     84538     81900     84428     79086     85120     83167     
Pow	269.250   269.392   270.380   268.590   269.537   268.685   269.360   268.654   269.026   269.162   268.751   
Ene	22789.024 22425.560 21928.350 22612.880 21141.944 22714.126 22060.622 22681.906 21276.229 22911.091 22351.188 
MCTOP_ALLOC_BW_ROUND_ROBIN_CORES   48
Time	85539     83874     85528     83559     82569     84261     80601     77090     84443     85848     84670     
Pow	268.761   269.252   268.138   268.210   270.036   267.935   268.613   271.288   268.010   268.217   269.440   
Ene	22989.542 22583.252 22933.314 22411.376 22296.576 22576.481 21650.516 20913.561 22631.553 23025.862 22813.509 
wc data/wc/300MB_1M_Keys.txt
MCTOP_ALLOC_SEQUENTIAL   48
Time	24155     26465     25534     25324     27397     28240     26134     26570     23946     26788     27639     
Pow	251.508   252.126   251.440   251.297   252.278   251.179   252.513   252.128   252.601   251.743   253.599   
Ene	6075.180  6672.511  6420.274  6363.858  6911.673  7093.305  6599.187  6699.050  6048.783  6743.693  7009.217  
MCTOP_ALLOC_BW_ROUND_ROBIN_CORES   48
Time	27369     26499     28547     27671     29179     25884     27594     26976     24936     27746     26850     
Pow	252.095   252.765   252.528   253.861   253.746   252.480   253.603   251.166   251.915   252.806   252.678   
Ene	6899.596  6698.018  7208.926  7024.599  7404.043  6535.193  6997.925  6775.466  6281.755  7014.368  6784.396  
wr data/wr/800MB.txt
MCTOP_ALLOC_SEQUENTIAL   24
Time	19540     19774     18989     20171     17449     19401     20262     19578     20835     19532     18678     
Pow	274.937   275.513   277.158   273.344   281.887   275.380   273.076   274.868   271.070   274.051   276.885   
Ene	5372.267  5447.993  5262.951  5513.631  4918.653  5342.654  5533.057  5381.359  5647.746  5352.762  5171.652  
MCTOP_ALLOC_BW_ROUND_ROBIN_CORES   24
Time	19004     18549     20173     21529     18296     20660     19110     20613     20266     20753     19539     
Pow	275.320   277.832   273.793   272.227   277.573   271.909   275.394   271.866   272.577   271.510   274.528   
Ene	5232.178  5153.499  5523.236  5860.780  5078.473  5617.633  5262.782  5603.974  5524.043  5634.645  5364.001  
wrmem -s8192
MCTOP_ALLOC_SEQUENTIAL   96
Time	96788     90613     90276     95223     91606     92912     88913     95434     90990     89376     93852     
Pow	270.049   272.177   272.080   269.166   271.923   271.605   272.432   269.032   272.379   272.818   270.281   
Ene	26137.478 24662.784 24562.290 25630.841 24909.821 25235.408 24222.745 25674.838 24783.733 24383.396 25366.374 
MCTOP_ALLOC_MIN_LAT_CORES   96
Time	92653     96319     93319     94393     95265     89561     88776     92553     89734     92836     91587     
Pow	271.990   272.135   272.527   269.599   270.538   270.625   270.458   272.128   272.103   271.589   272.880   
Ene	25200.681 26211.810 25431.923 25448.246 25772.811 24237.487 24010.215 25186.263 24416.917 25213.254 24992.246 
matrix_mult -l2000
MCTOP_ALLOC_SEQUENTIAL   48
Time	264       260       271       264       263       269       263       273       266       258       273       
Pow	431.619   436.144   420.599   427.577   428.087   424.200   427.767   421.454   429.301   435.618   420.650   
Ene	113.947   113.397   113.982   112.880   112.587   114.110   112.503   115.057   114.194   112.389   114.838   
MCTOP_ALLOC_MIN_LAT_CORES   48
Time	267       266       266       272       271       273       272       259       268       271       267       
Pow	422.159   422.771   429.907   420.733   421.725   419.828   419.505   427.563   421.928   421.101   425.263   
Ene	112.716   112.457   114.355   114.439   114.288   114.613   114.105   110.739   113.077   114.118   113.545   
matrix_mult -l6000
MCTOP_ALLOC_SEQUENTIAL   48
Time	5746      5746      5699      5750      5701      5742      5708      5704      5708      5704      5736      
Pow	486.522   488.791   489.023   488.874   491.535   489.402   491.658   492.091   490.409   492.266   491.103   
Ene	2795.553  2808.594  2786.942  2811.023  2802.240  2810.143  2806.386  2806.887  2799.254  2807.884  2816.964  
MCTOP_ALLOC_MIN_LAT_CORES   48
Time	5704      5714      5696      5705      5703      5697      5710      5696      5698      5699      5705      
Pow	490.129   491.036   489.623   488.794   489.448   489.736   488.003   489.492   489.088   489.128   490.309   
Ene	2795.696  2805.778  2788.891  2788.572  2791.325  2790.024  2786.497  2788.149  2786.824  2787.542  2797.215  
wsearchmem -i8192
MCTOP_ALLOC_SEQUENTIAL   96
Time	369       356       350       349       341       344       433       340       345       341       347       
Pow	455.278   470.723   472.123   471.326   472.869   473.172   457.308   469.699   472.824   471.711   472.753   
Ene	167.998   167.577   165.243   164.493   161.248   162.771   198.014   159.698   163.124   160.853   164.045   
MCTOP_ALLOC_MIN_LAT_HWCS   48
Time	349       352       347       352       348       344       347       353       357       351       346       
Pow	358.886   358.259   357.950   357.401   358.736   359.713   358.680   356.649   354.326   356.217   357.163   
Ene	125.251   126.107   124.209   125.805   124.840   123.741   124.462   125.897   126.494   125.032   123.578   
wsearchmem -i32768
MCTOP_ALLOC_SEQUENTIAL   96
Time	1399      1396      1337      1388      1394      1342      1394      1400      1412      1378      1394      
Pow	460.446   461.261   459.479   465.461   456.255   467.048   454.412   456.665   458.976   459.821   459.741   
Ene	644.165   643.921   614.323   646.059   636.020   626.779   633.450   639.331   648.074   633.633   640.878   
MCTOP_ALLOC_MIN_LAT_HWCS   48
Time	1280      1273      1267      1304      1289      1275      1285      1271      1301      1275      1269      
Pow	371.079   367.811   368.527   368.449   369.099   367.961   369.633   367.870   368.580   367.902   370.182   
Ene	474.981   468.223   466.923   480.458   475.768   469.151   474.979   467.562   479.522   469.075   469.760   
matrix_mult2 -l2000
MCTOP_ALLOC_SEQUENTIAL   96
Time	254       239       256       243       242       243       240       249       244       245       270       
Pow	478.418   497.911   472.727   489.280   492.632   488.733   500.812   498.810   503.635   492.262   480.270   
Ene	121.518   119.001   121.018   118.895   119.217   118.762   120.195   124.204   122.887   120.604   129.673   
MCTOP_ALLOC_MIN_LAT_CORES   96
Time	294       255       293       231       282       317       237       235       252       254       227       
Pow	462.639   459.974   471.174   483.577   464.481   455.446   474.236   483.718   467.673   465.608   492.883   
Ene	136.016   117.293   138.054   111.706   130.984   144.376   112.394   113.674   117.854   118.264   111.884   
matrix_mult2 -l6000
MCTOP_ALLOC_SEQUENTIAL   96
Time	4986      5029      4982      5028      5034      5016      5013      4987      5007      5004      4993      
Pow	547.624   546.815   550.746   547.382   548.378   547.953   549.013   551.422   550.273   552.382   551.517   
Ene	2730.454  2749.933  2743.819  2752.237  2760.537  2748.531  2752.202  2749.943  2755.218  2764.120  2753.723  
MCTOP_ALLOC_MIN_LAT_CORES   96
Time	5015      5007      4994      5004      4957      4969      5017      4986      4977      4995      4998      
Pow	547.698   548.074   548.168   548.451   550.486   548.208   547.513   547.898   548.151   548.218   548.268   
Ene	2746.706  2744.205  2737.549  2744.450  2728.759  2724.044  2746.873  2731.821  2728.148  2738.349  2740.241  
hist data/hist-2.6g.bmp
MCTOP_ALLOC_SEQUENTIAL   96
Time	202       186       183       180       186       191       180       189       179       211       181       
Pow	356.795   388.826   385.557   390.745   382.481   383.084   390.558   383.643   389.590   335.895   389.405   
Ene	72.073    72.322    70.557    70.334    71.141    73.169    70.300    72.508    69.737    70.874    70.482    
MCTOP_ALLOC_MIN_LAT_HWCS   96
Time	218       215       184       207       174       174       202       204       180       179       195       
Pow	336.618   322.684   388.771   331.830   396.188   392.609   344.657   340.835   385.620   385.645   366.533   
Ene	73.383    69.377    71.534    68.689    68.937    68.314    69.621    69.530    69.412    69.031    71.474    
linear_regression data/lr_4GB.txt
MCTOP_ALLOC_SEQUENTIAL   48
Time	107       105       111       112       116       118       130       118       121       118       125       
Pow	475.911   470.747   456.779   449.637   441.954   438.223   420.113   436.974   426.457   431.887   420.274   
Ene	50.922    49.428    50.703    50.359    51.267    51.710    54.615    51.563    51.601    50.963    52.534    
MCTOP_ALLOC_MIN_LAT_CORES   48
Time	124       133       129       125       127       124       124       125       123       133       128       
Pow	420.555   411.825   412.518   417.687   419.239   416.421   421.399   417.985   424.623   409.426   414.337   
Ene	52.149    54.773    53.215    52.211    53.243    51.636    52.253    52.248    52.229    54.454    53.035    
string_match data/sm_1GB.txt
MCTOP_ALLOC_SEQUENTIAL   96
Time	139       134       134       131       123       128       136       131       123       136       133       
Pow	460.895   472.113   469.849   478.883   510.581   493.330   471.223   487.599   506.595   470.045   474.578   
Ene	64.064    63.263    62.960    62.734    62.801    63.146    64.086    63.875    62.311    63.926    63.119    
MCTOP_ALLOC_MIN_LAT_CORES   96
Time	126       139       137       137       127       130       123       134       133       135       137       
Pow	500.826   465.009   465.456   465.267   495.628   485.776   507.999   469.900   482.111   466.874   464.775   
Ene	63.104    64.636    63.768    63.742    62.945    63.151    62.484    62.967    64.121    63.028    63.674    
