Trying to use tmpfs!\n
Data already in /dev/shm/!
kmeans
MCTOP_ALLOC_SEQUENTIAL   96
Time	12670     12308     12233     11990     12493     12180     12238     11793     12797     12079     11901     
Pow	412.227   412.996   412.776   415.100   409.525   414.362   410.573   410.483   410.909   413.355   413.215   
Ene	5222.915  5083.152  5049.488  4977.049  5116.197  5046.933  5024.591  4840.821  5258.403  4992.911  4917.670  
MCTOP_ALLOC_MIN_LAT_CORES   12
Time	9916      9669      10801     11168     9499      11054     11069     10977     10901     10940     11025     
Pow	318.005   313.274   278.602   277.451   313.705   279.140   278.463   277.815   277.724   277.832   277.778   
Ene	3153.337  3029.050  3009.180  3098.574  2979.887  3085.611  3082.305  3049.577  3027.474  3039.478  3062.498  
mean
MCTOP_ALLOC_SEQUENTIAL   96
Time	3031      3074      3005      3077      3074      2958      3078      3082      3028      3075      2961      
Pow	402.947   402.921   403.718   402.575   403.203   404.709   402.972   402.761   404.378   402.850   404.143   
Ene	1221.334  1238.578  1213.172  1238.723  1239.447  1197.130  1240.347  1241.310  1224.456  1238.764  1196.668  
MCTOP_ALLOC_MIN_LAT_CORES   12
Time	1749      1753      1742      1748      1747      1753      1747      1739      1753      1749      1739      
Pow	293.067   292.702   293.211   293.599   292.822   292.687   293.060   293.802   293.285   294.192   293.700   
Ene	512.573   513.107   510.774   513.212   511.559   513.080   511.975   510.923   514.129   514.542   510.744   
pca
MCTOP_ALLOC_SEQUENTIAL   48
Time	10824     10443     10523     10669     12585     10622     10258     10635     10464     10429     10480     
Pow	479.838   485.450   486.513   484.372   471.168   486.399   490.090   485.537   488.198   488.247   486.528   
Ene	5193.770  5069.553  5119.581  5167.769  5929.653  5166.532  5027.338  5163.685  5108.503  5091.929  5098.810  
MCTOP_ALLOC_NONE   96
Time	12942     16480     12684     12067     13193     12048     12032     12128     12018     13662     11560     
Pow	504.337   482.521   504.399   512.610   498.025   508.011   505.839   515.879   513.217   495.255   514.287   
Ene	6527.124  7951.941  6397.792  6185.668  6570.449  6120.513  6086.255  6256.584  6167.840  6766.171  5945.152  
wc
MCTOP_ALLOC_SEQUENTIAL   24
Time	2874      2865      2871      2899      2893      2911      2895      2880      2876      2895      2876      
Pow	386.798   379.362   359.580   357.721   358.607   357.463   357.243   357.793   360.640   357.262   360.344   
Ene	1111.658  1086.872  1032.353  1037.032  1037.450  1040.575  1034.219  1030.444  1037.202  1034.273  1036.349  
MCTOP_ALLOC_NONE   24
Time	2882      2907      2866      2900      5750      2887      4009      2903      2927      2885      2872      
Pow	362.020   364.540   362.064   357.252   178.993   355.837   259.319   359.485   363.250   364.428   362.513   
Ene	1043.342  1059.719  1037.675  1036.031  1029.210  1027.301  1039.611  1043.584  1063.233  1051.376  1041.138  
wr
MCTOP_ALLOC_SEQUENTIAL   96
Time	21940     22327     21575     22041     21678     20638     21832     21902     21740     22391     21970     
Pow	410.110   410.311   413.083   411.422   412.502   416.704   411.905   410.878   413.144   410.971   411.350   
Ene	8997.823  9161.005  8912.268  9068.146  8942.215  8599.934  8992.720  8999.047  8981.757  9202.062  9037.358  
MCTOP_ALLOC_MIN_LAT_CORES   96
Time	22122     21563     22583     23139     23411     23254     26243     22799     21520     22146     22175     
Pow	408.857   409.592   407.612   405.836   405.941   405.867   400.257   406.266   408.056   408.175   407.221   
Ene	9044.724  8832.034  9205.108  9390.644  9503.486  9438.033  10503.953 9262.452  8781.372  9039.453  9030.116  
wrmem
MCTOP_ALLOC_SEQUENTIAL   96
Time	15335     15157     13793     13994     14209     14889     14922     14760     14613     14142     13972     
Pow	425.762   434.672   435.185   432.174   432.599   434.304   431.340   432.865   432.158   435.123   435.278   
Ene	6529.065  6588.320  6002.504  6047.843  6146.796  6466.356  6436.460  6389.084  6315.119  6153.506  6081.701  
MCTOP_ALLOC_MIN_LAT_CORES   96
Time	13294     13716     13405     13411     13162     14053     13348     13210     14695     13836     13197     
Pow	441.856   440.029   440.954   441.215   443.101   438.920   440.777   441.431   440.408   437.921   442.938   
Ene	5874.038  6035.439  5910.988  5917.137  5832.090  6168.143  5883.487  5831.303  6471.803  6059.072  5845.458  
matrix_mult
MCTOP_ALLOC_SEQUENTIAL   48
Time	5701      5673      5682      5690      5695      5672      5671      5693      5701      5705      5665      
Pow	488.225   487.585   487.780   488.468   488.988   489.442   490.101   489.369   490.001   489.968   489.934   
Ene	2783.371  2766.071  2771.567  2779.384  2784.787  2776.113  2779.364  2785.976  2793.495  2795.270  2775.474  
MCTOP_ALLOC_MIN_LAT_CORES   48
Time	5659      5655      5683      5695      5678      5670      5661      5674      5659      5650      5656      
Pow	489.333   488.941   488.464   489.831   489.081   489.395   489.908   489.739   488.585   489.072   488.173   
Ene	2769.137  2764.960  2775.941  2789.585  2777.004  2774.870  2773.368  2778.780  2764.902  2763.256  2761.105  
wsearchmem
MCTOP_ALLOC_SEQUENTIAL   96
Time	1370      1323      1325      1324      1316      1320      1322      1319      1363      1320      1324      
Pow	460.077   472.038   470.261   471.794   471.122   470.857   470.919   470.861   467.297   471.163   471.233   
Ene	630.306   624.506   623.096   624.655   619.996   621.531   622.555   621.066   636.925   621.935   623.913   
MCTOP_ALLOC_MIN_LAT_HWCS   48
Time	1271      1275      1269      1270      1268      1269      1267      1273      1270      1268      1271      
Pow	364.671   364.183   365.114   364.993   365.250   365.425   365.455   365.372   364.895   365.866   365.217   
Ene	463.497   464.333   463.329   463.541   463.136   463.724   463.032   465.119   463.416   463.918   464.190   
matrix_mult2
MCTOP_ALLOC_SEQUENTIAL   96
Time	4960      4954      4952      4964      4976      4981      4987      4967      4955      4969      4987      
Pow	544.702   544.985   545.365   545.096   544.670   544.504   544.985   547.192   547.176   547.248   546.011   
Ene	2701.723  2699.855  2700.647  2705.859  2710.276  2712.176  2717.841  2717.903  2711.256  2719.275  2722.957  
MCTOP_ALLOC_NONE   96
Time	4907      4926      4926      4939      4941      4932      4916      4921      4951      4931      4904      
Pow	550.080   549.897   549.791   550.476   550.076   549.904   549.550   550.336   550.098   548.622   550.772   
Ene	2699.242  2708.794  2708.272  2718.799  2717.926  2712.126  2701.590  2708.205  2723.534  2705.258  2700.988  
hist
MCTOP_ALLOC_SEQUENTIAL   96
Time	185       161       153       186       161       160       155       154       158       152       152       
Pow	473.996   506.270   508.538   483.440   500.578   505.325   504.416   501.795   500.351   507.341   509.733   
Ene	87.689    81.509    77.806    89.920    80.593    80.852    78.185    77.276    79.055    77.116    77.479    
MCTOP_ALLOC_MIN_LAT_HWCS   96
Time	160       155       155       159       154       154       153       164       157       193       162       
Pow	465.873   465.185   468.619   463.038   471.067   467.215   470.948   467.958   467.568   585.880   465.704   
Ene	74.540    72.104    72.636    73.623    72.544    71.951    72.055    76.745    73.408    113.075   75.444    
linear_regression
MCTOP_ALLOC_SEQUENTIAL   48
Time	207       169       165       180       178       176       179       198       175       184       174       
Pow	427.742   433.285   434.754   411.135   403.030   398.428   396.578   394.062   396.618   389.476   399.154   
Ene	88.543    73.225    71.734    74.004    71.739    70.123    70.987    78.024    69.408    71.664    69.453    
MCTOP_ALLOC_NONE   48
Time	287       187       149       153       190       148       145       148       153       157       147       
Pow	216.512   328.371   440.578   424.516   347.097   441.622   443.010   445.425   444.708   437.017   444.113   
Ene	62.139    61.405    65.646    64.951    65.948    65.360    64.236    65.923    68.040    68.612    65.285    
string_match
MCTOP_ALLOC_SEQUENTIAL   96
Time	113       110       112       113       119       113       113       111       111       113       113       
Pow	580.317   592.862   583.658   577.035   569.245   582.156   580.306   587.788   583.433   576.054   582.221   
Ene	65.576    65.215    65.370    65.205    67.740    65.784    65.575    65.244    64.761    65.094    65.791    
MCTOP_ALLOC_MIN_LAT_CORES   96
Time	113       111       119       114       112       111       111       123       141       113       120       
Pow	581.622   585.772   571.237   570.506   584.039   587.268   590.657   567.835   532.683   577.534   567.186   
Ene	65.723    65.021    67.977    65.038    65.412    65.187    65.563    69.844    75.108    65.261    68.062    
