Trying to use tmpfs!\n
Data already in /dev/shm/!
kmeans 10 32 5000000 80
MCTOP_ALLOC_SEQUENTIAL   40
Time	898       891       878       919       895       915       887       900       914       920       891       
Pow	181.797   185.743   184.029   183.219   182.981   182.708   181.280   180.921   182.794   184.483   180.917   
Ene	163.254   165.497   161.578   168.378   163.768   167.177   160.795   162.829   167.074   169.724   161.197   
MCTOP_ALLOC_MIN_LAT_CORES   10
Time	1067      1061      1069      1059      1062      1074      1062      1055      1064      1064      1064      
Pow	121.291   121.199   121.086   121.186   121.183   120.830   121.146   121.048   121.101   121.018   121.149   
Ene	129.418   128.592   129.441   128.336   128.697   129.772   128.657   127.705   128.851   128.763   128.903   
kmeans 10 32 50000000 80
MCTOP_ALLOC_SEQUENTIAL   40
Time	8847      9068      8667      9000      8932      8948      8754      8777      8977      8774      9144      
Pow	186.598   185.984   185.353   186.231   185.485   184.574   186.784   184.949   185.462   186.549   185.377   
Ene	1650.829  1686.506  1606.456  1676.077  1656.750  1651.564  1635.108  1623.296  1664.894  1636.783  1695.086  
MCTOP_ALLOC_MIN_LAT_CORES   10
Time	10418     10486     10465     10403     10422     10524     10588     10527     10411     10549     10462     
Pow	122.767   121.193   120.870   120.753   120.678   120.689   120.537   120.571   120.119   119.162   119.016   
Ene	1278.986  1270.833  1264.906  1256.192  1257.711  1270.127  1276.243  1269.255  1250.560  1257.038  1245.149  
mean -N10240000000
MCTOP_ALLOC_SEQUENTIAL   10
Time	3729      3701      3269      1710      1709      1706      2137      1706      2751      2570      1705      
Pow	147.240   147.600   148.767   146.138   146.412   147.178   146.640   145.908   147.068   147.897   146.255   
Ene	549.059   546.269   486.318   249.896   250.219   251.085   313.370   248.919   404.585   380.096   249.364   
MCTOP_ALLOC_MIN_LAT_HWCS   20
Time	1712      1712      1713      1711      1711      1712      1713      1713      1711      1713      1715      
Pow	149.290   149.068   149.006   149.115   149.535   151.009   150.935   148.982   149.164   149.272   149.204   
Ene	255.584   255.204   255.247   255.135   255.855   258.528   258.551   255.207   255.219   255.703   255.885   
pca -R 2048 -C 2048
MCTOP_ALLOC_SEQUENTIAL   40
Time	379       380       380       376       376       378       378       381       381       378       378       
Pow	232.970   233.060   232.850   233.642   233.921   233.670   235.167   233.164   232.879   234.347   233.748   
Ene	88.296    88.563    88.483    87.849    87.954    88.327    88.893    88.836    88.727    88.583    88.357    
MCTOP_ALLOC_MIN_LAT_HWCS_BALANCE   40
Time	376       379       377       380       381       376       378       380       376       376       379       
Pow	233.512   234.079   234.105   234.452   233.440   235.538   234.094   233.578   234.645   235.424   233.735   
Ene	87.801    88.716    88.258    89.092    88.941    88.562    88.487    88.760    88.227    88.519    88.586    
pca -R 8192 -C 8192
MCTOP_ALLOC_SEQUENTIAL   40
Time	14176     14518     14724     13879     13876     14549     14204     14048     14487     14402     14868     
Pow	221.699   221.992   221.003   222.405   221.666   220.737   224.763   222.025   218.653   225.200   220.858   
Ene	3142.803  3222.882  3254.051  3086.754  3075.840  3211.499  3192.533  3119.006  3167.628  3243.324  3283.717  
MCTOP_ALLOC_MIN_LAT_HWCS_BALANCE   40
Time	13694     13729     13824     14200     13993     13751     13968     13863     13805     14314     14317     
Pow	217.918   217.598   217.153   217.429   217.480   217.701   216.898   217.650   217.756   217.218   217.116   
Ene	2984.174  2987.409  3001.920  3087.487  3043.196  2993.600  3029.630  3017.282  3006.124  3109.252  3108.447  
wc /dev/shm/data/wc/300MB_1M_Keys.txt
MCTOP_ALLOC_SEQUENTIAL   40
Time	2507      2520      2541      2530      2518      2509      2524      2544      2517      2529      2547      
Pow	232.851   231.751   232.811   232.392   232.134   232.928   231.657   231.960   233.474   231.674   231.941   
Ene	583.758   584.012   591.574   587.953   584.514   584.416   584.703   590.105   587.653   585.903   590.754   
MCTOP_ALLOC_MIN_LAT_CORES   40
Time	2514      2512      2524      2529      2500      2501      2511      2549      2505      2521      2512      
Pow	232.742   233.498   231.674   231.685   232.049   231.947   232.597   232.141   231.589   231.612   232.363   
Ene	585.114   586.548   584.745   585.931   580.122   580.099   584.052   591.728   580.129   583.895   583.696   
wr /dev/shm/data/wr/800MB.txt
MCTOP_ALLOC_SEQUENTIAL   30
Time	6002      5907      5909      5973      5960      5950      5967      5941      5904      5952      5926      
Pow	212.587   213.158   212.772   212.304   212.670   212.461   211.886   212.708   211.960   212.068   213.063   
Ene	1275.948  1259.127  1257.269  1268.091  1267.511  1264.144  1264.326  1263.696  1251.410  1262.229  1262.614  
MCTOP_ALLOC_MIN_LAT_CORES_HWCS_BALANCE   30
Time	5674      5661      5731      5636      5688      5696      5689      5687      5734      5719      5741      
Pow	215.417   215.877   214.908   217.376   215.526   214.959   215.435   215.701   214.224   214.887   215.673   
Ene	1222.277  1222.079  1231.635  1225.130  1225.915  1224.407  1225.611  1226.692  1228.361  1228.937  1238.177  
wrmem -s8192
MCTOP_ALLOC_SEQUENTIAL   40
Time	20543     19606     19802     19707     19885     19853     19877     19923     21075     19983     19830     
Pow	195.980   200.265   200.392   200.204   200.221   199.955   199.787   199.609   192.690   199.712   199.702   
Ene	4026.025  3926.390  3968.165  3945.411  3981.388  3969.711  3971.174  3976.803  4060.949  3990.844  3960.083  
MCTOP_ALLOC_MIN_LAT_HWCS_BALANCE   40
Time	19698     19618     19667     19496     19603     23912     19537     19499     19661     19570     19786     
Pow	199.598   199.799   199.681   199.771   199.569   192.235   199.714   200.116   199.574   199.933   199.783   
Ene	3931.680  3919.648  3927.130  3894.729  3912.148  4596.725  3901.816  3902.055  3923.823  3912.687  3952.906  
matrix_mult -l2000
MCTOP_ALLOC_SEQUENTIAL   40
Time	644       659       658       659       655       656       663       655       657       660       654       
Pow	169.453   169.228   168.918   168.877   169.510   168.850   169.131   169.194   168.848   169.075   169.338   
Ene	109.128   111.522   111.148   111.290   111.029   110.766   112.134   110.822   110.933   111.589   110.747   
MCTOP_ALLOC_BW_ROUND_ROBIN_HWCS   40
Time	662       653       660       656       664       660       662       659       656       659       657       
Pow	168.610   168.872   168.575   168.815   168.583   168.130   168.067   168.448   168.254   168.271   168.489   
Ene	111.620   110.274   111.260   110.743   111.939   110.965   111.260   111.007   110.375   110.891   110.697   
matrix_mult -l6000
MCTOP_ALLOC_SEQUENTIAL   40
Time	15941     15940     15976     15993     15919     15948     15939     15950     15924     15932     15914     
Pow	170.149   170.228   170.269   170.696   170.560   170.484   170.605   170.555   170.533   170.448   170.498   
Ene	2712.342  2713.439  2720.216  2729.935  2715.139  2718.881  2719.267  2720.356  2715.569  2715.579  2713.313  
MCTOP_ALLOC_BW_ROUND_ROBIN_HWCS   40
Time	15939     15951     15934     15913     15917     15926     15934     15944     15998     15921     15927     
Pow	170.453   170.334   170.250   170.603   170.428   170.276   170.335   170.274   170.609   170.117   170.165   
Ene	2716.853  2717.002  2712.760  2714.804  2712.702  2711.815  2714.118  2714.854  2729.410  2708.425  2710.225  
wsearchmem -i8192
MCTOP_ALLOC_SEQUENTIAL   40
Time	392       391       391       409       413       408       412       411       413       410       421       
Pow	215.218   214.291   214.826   209.616   208.949   210.033   209.708   209.293   209.215   209.613   206.891   
Ene	84.365    83.788    83.997    85.733    86.296    85.693    86.400    86.019    86.406    85.941    87.101    
MCTOP_ALLOC_BW_ROUND_ROBIN_CORES   40
Time	412       411       411       414       414       411       407       411       411       410       410       
Pow	206.251   207.432   206.591   205.462   207.767   206.604   207.358   207.390   206.537   206.494   206.659   
Ene	84.976    85.255    84.909    85.061    86.015    84.914    84.395    85.237    84.887    84.663    84.730    
wsearchmem -i32768
MCTOP_ALLOC_SEQUENTIAL   40
Time	1564      1566      1564      1552      1562      1563      1567      1563      1564      1565      1566      
Pow	211.747   211.628   211.931   213.320   211.995   211.915   211.493   211.793   212.225   211.912   211.921   
Ene	331.173   331.409   331.460   331.072   331.136   331.224   331.410   331.032   331.919   331.643   331.868   
MCTOP_ALLOC_BW_ROUND_ROBIN_CORES   40
Time	1563      1558      1562      1557      1561      1563      1565      1560      1563      1563      1561      
Pow	210.718   210.350   210.374   210.401   209.623   210.102   209.776   209.993   209.892   210.372   210.714   
Ene	329.352   327.725   328.605   327.595   327.222   328.389   328.299   327.589   328.061   328.811   328.924   
matrix_mult2 -l2000
MCTOP_ALLOC_SEQUENTIAL   40
Time	449       447       453       453       543       452       461       467       459       460       458       
Pow	189.393   189.688   189.414   188.532   186.307   189.818   189.393   189.886   189.408   191.673   191.121   
Ene	85.038    84.791    85.805    85.405    101.165   85.798    87.310    88.677    86.938    88.169    87.533    
MCTOP_ALLOC_MIN_LAT_CORES   20
Time	449       443       449       445       443       457       446       445       445       446       445       
Pow	180.874   180.434   179.907   180.775   180.861   180.518   181.206   181.102   180.800   180.778   179.652   
Ene	81.213    79.932    80.778    80.445    80.121    82.497    80.818    80.590    80.456    80.627    79.945    
matrix_mult2 -l6000
MCTOP_ALLOC_SEQUENTIAL   40
Time	11154     11151     11131     11173     11135     11145     11168     11154     11121     11180     11148     
Pow	192.727   192.094   191.933   192.081   191.177   192.715   192.295   191.869   191.344   192.742   192.796   
Ene	2149.682  2142.043  2136.405  2146.121  2128.760  2147.813  2147.545  2140.103  2127.940  2154.854  2149.294  
MCTOP_ALLOC_MIN_LAT_CORES   20
Time	11246     11225     11250     11248     11189     11240     11284     11232     11255     11204     11341     
Pow	181.995   181.616   182.268   182.183   181.492   181.854   183.038   181.769   182.279   181.863   183.180   
Ene	2046.712  2038.638  2050.510  2049.192  2030.714  2044.042  2065.401  2041.635  2051.552  2037.590  2077.441  
hist /dev/shm/data/hist-2.6g.bmp
MCTOP_ALLOC_SEQUENTIAL   40
Time	197       203       177       184       174       186       179       189       177       194       174       
Pow	196.340   195.130   197.462   195.321   199.384   195.287   197.670   192.082   196.916   193.527   197.484   
Ene	38.679    39.611    34.951    35.939    34.693    36.323    35.383    36.304    34.854    37.544    34.362    
MCTOP_ALLOC_MIN_LAT_HWCS_BALANCE   40
Time	181       188       180       180       198       177       212       177       181       175       175       
Pow	196.116   192.671   194.829   194.430   190.974   194.219   186.570   193.569   192.256   196.668   194.288   
Ene	35.497    36.222    35.069    34.997    37.813    34.377    39.553    34.262    34.798    34.417    34.000    
linear_regression /dev/shm/data/lr_4GB.txt
MCTOP_ALLOC_SEQUENTIAL   40
Time	281       290       286       283       291       290       281       283       290       280       286       
Pow	216.586   210.915   211.735   214.751   210.825   210.359   214.110   214.271   210.982   216.531   212.130   
Ene	60.861    61.165    60.556    60.775    61.350    61.004    60.165    60.639    61.185    60.629    60.669    
MCTOP_ALLOC_MIN_LAT_HWCS_BALANCE   40
Time	292       288       285       286       285       286       286       282       282       285       287       
Pow	207.035   209.605   209.971   210.884   210.173   211.835   212.476   212.939   213.788   211.299   211.298   
Ene	60.454    60.366    59.842    60.313    59.899    60.585    60.768    60.049    60.288    60.220    60.642    
string_match /dev/shm/data/sm_1GB.txt
MCTOP_ALLOC_SEQUENTIAL   40
Time	354       362       359       350       348       352       348       354       349       351       349       
Pow	181.621   176.931   178.252   179.144   179.861   178.597   179.893   178.824   179.782   179.068   179.092   
Ene	64.294    64.049    63.992    62.700    62.592    62.866    62.603    63.304    62.744    62.853    62.503    
MCTOP_ALLOC_BW_ROUND_ROBIN_HWCS   40
Time	359       354       352       349       350       353       350       355       355       353       349       
Pow	175.811   178.307   177.361   178.537   178.280   177.168   179.368   178.754   177.360   177.493   178.928   
Ene	63.116    63.121    62.431    62.309    62.398    62.540    62.779    63.458    62.963    62.655    62.446    
