kmeans 10 32 50000000 80
MCTOP_ALLOC_SEQUENTIAL   40
Time	8687      8608      8726      8711      8592      8320      8506      8705      8696      8904      8553      
Pow	179.151   179.628   178.855   179.861   180.789   180.523   180.466   179.954   179.991   180.459   180.451   
Ene	1556.285  1546.236  1560.691  1566.766  1553.339  1501.955  1535.048  1566.499  1565.199  1606.803  1543.396  
MCTOP_ALLOC_MIN_LAT_CORES_HWCS   40
Time	8712      8662      8512      8320      8413      8628      8682      8491      8688      8829      8677      
Pow	179.893   180.470   180.990   181.114   181.197   180.300   179.856   180.426   180.415   76.960    180.740   
Ene	1567.225  1563.227  1540.587  1506.870  1524.414  1555.627  1561.507  1532.001  1567.442  1585.520  1568.280  
mean -N10240000000
MCTOP_ALLOC_SEQUENTIAL   10
Time	1716      1707      3755      1708      1707      1708      1723      1714      1725      1854      1704      
Pow	144.722   144.659   145.328   144.752   144.928   144.845   143.900   144.768   144.314   146.298   145.019   
Ene	248.342   246.932   545.706   247.237   247.393   247.396   247.939   248.132   248.941   271.236   247.112   
MCTOP_ALLOC_MIN_LAT_HWCS   20
Time	1723      1697      1707      1716      1707      1713      1705      1717      1705      1704      1704      
Pow	147.506   148.201   147.964   148.010   152.697   147.982   148.032   147.692   148.231   148.310   154.225   
Ene	254.152   251.496   252.575   253.985   260.654   253.493   252.395   253.587   252.733   252.720   262.799   
wc data/wc/300MB_1M_Keys.txt
MCTOP_ALLOC_SEQUENTIAL   40
Time	22215     22216     23034     22578     22547     23119     22606     22523     24401     26184     22322     
Pow	101.469   101.031   100.633   100.956   100.800   100.230   101.361   101.302   99.831    100.440   101.446   
Ene	2254.137  2244.498  2317.969  2279.374  2272.730  2317.216  2291.365  2281.622  2435.981  2629.921  2264.469  
MCTOP_ALLOC_BW_ROUND_ROBIN_CORES   40
Time	22563     23647     21474     21442     22830     22887     23751     23163     22158     22188     24978     
Pow	101.357   100.417   102.414   102.412   101.180   101.192   100.779   100.552   101.800   102.158   102.016   
Ene	2286.915  2374.568  2199.240  2195.910  2309.947  2315.970  2393.598  2329.089  2255.677  2266.672  2548.160  
matrix_mult2 -l6000
MCTOP_ALLOC_SEQUENTIAL   40
Time	11214     11188     11270     11233     11203     11201     11171     11222     11181     11190     11195     
Pow	191.950   190.691   193.460   191.907   191.775   191.874   191.374   192.333   191.165   192.163   191.262   
Ene	2152.532  2133.453  2180.295  2155.686  2148.453  2149.183  2137.843  2158.356  2137.415  2150.299  2141.183  
MCTOP_ALLOC_MIN_LAT_CORES   20
Time	11396     11406     11441     11417     11408     11425     11422     11422     11429     11416     11437     
Pow	182.246   181.995   181.901   181.941   181.895   181.856   182.008   182.003   181.816   181.920   181.780   
Ene	2076.871  2075.840  2081.131  2077.223  2075.064  2077.710  2078.899  2078.842  2077.972  2076.796  2079.019  
