kmeans
MCTOP_ALLOC_SEQUENTIAL   40
Time	9060      8951      8673      8710      8958      8765      9160      9198      8721      8991      9004      
Pow	186.355   185.150   187.417   185.445   184.087   185.805   185.361   184.446   185.514   185.515   186.140   
Ene	1688.380  1657.275  1625.466  1615.225  1649.056  1628.578  1697.903  1696.530  1617.864  1667.968  1676.009  
MCTOP_ALLOC_MIN_LAT_CORES   10
Time	10582     10595     10528     10521     10487     10402     10532     10495     10535     10467     10507     
Pow	121.244   121.025   121.042   120.990   120.783   120.942   120.915   120.793   120.704   126.771   120.696   
Ene	1282.999  1282.257  1274.325  1272.933  1266.653  1258.036  1273.475  1267.718  1271.615  1326.917  1268.157  
mean
MCTOP_ALLOC_SEQUENTIAL   10
Time	3710      2659      3712      1706      1710      2213      2393      1712      1706      1709      1709      
Pow	147.790   149.166   147.725   147.383   147.575   154.312   148.278   147.398   147.616   147.469   147.655   
Ene	548.299   396.632   548.354   251.436   252.352   341.493   354.829   252.345   251.833   252.025   252.343   
MCTOP_ALLOC_MIN_LAT_HWCS   20
Time	1713      1701      1714      1710      1712      1709      1710      1701      1701      1712      1711      
Pow	150.549   150.600   150.671   150.702   149.862   149.752   149.267   149.573   149.306   149.030   149.192   
Ene	257.891   256.171   258.251   257.700   256.563   255.927   255.247   254.424   253.969   255.140   255.267   
pca
MCTOP_ALLOC_SEQUENTIAL   40
Time	15001     14159     14718     14861     14592     14735     14291     14675     14293     14098     14751     
Pow	218.318   221.315   224.394   219.349   219.174   222.880   220.320   222.195   221.865   222.550   217.995   
Ene	3274.985  3133.606  3302.631  3259.750  3198.194  3284.130  3148.599  3260.709  3171.124  3137.504  3215.647  
MCTOP_ALLOC_MIN_LAT_HWCS_BALANCE   40
Time	14078     13660     14038     14898     13886     14106     14514     14098     13743     13923     13901     
Pow	218.201   217.967   216.513   217.361   217.576   217.369   217.157   217.680   217.584   216.815   217.664   
Ene	3071.828  2977.429  3039.412  3238.246  3021.266  3066.203  3151.816  3068.853  2990.254  3018.714  3025.750  
wc
MCTOP_ALLOC_SEQUENTIAL   40
Time	2499      2539      2556      2514      2553      2538      2505      2509      2545      2558      2563      
Pow	233.461   232.061   232.713   232.904   233.070   234.845   233.563   232.794   232.897   232.856   232.520   
Ene	583.418   589.203   594.814   585.521   595.026   596.036   585.076   584.081   592.722   595.647   595.948   
MCTOP_ALLOC_MIN_LAT_CORES   40
Time	2548      2508      2499      2512      2529      2559      2505      2508      2502      2502      2516      
Pow	231.808   231.904   231.780   233.873   232.788   231.771   231.889   231.874   231.933   231.447   231.544   
Ene	590.648   581.616   579.219   587.489   588.720   593.102   580.883   581.539   580.295   579.081   582.563   
wr
MCTOP_ALLOC_SEQUENTIAL   30
Time	5916      5980      5965      5938      6036      6019      5970      5917      5998      5937      5944      
Pow	213.510   211.395   213.156   212.328   212.605   212.395   212.004   212.592   212.304   213.257   211.423   
Ene	1263.124  1264.145  1271.477  1260.806  1283.286  1278.406  1265.667  1257.909  1273.402  1266.106  1256.699  
MCTOP_ALLOC_MIN_LAT_CORES_HWCS_BALANCE   30
Time	5692      5776      5737      5735      5742      5765      5698      5695      5681      5729      5684      
Pow	215.197   214.670   215.388   214.472   214.460   214.228   214.580   216.387   215.053   215.525   214.640   
Ene	1224.899  1239.936  1235.679  1229.996  1231.427  1235.022  1222.678  1232.326  1221.719  1234.741  1220.012  
wrmem
MCTOP_ALLOC_SEQUENTIAL   40
Time	19815     19904     19507     19847     19618     19817     19667     19716     19796     19807     20820     
Pow	200.342   200.461   200.948   200.081   200.588   199.999   200.620   200.271   200.337   200.463   195.653   
Ene	3969.772  3989.969  3919.884  3971.002  3935.142  3963.390  3945.593  3948.548  3965.866  3970.566  4073.487  
MCTOP_ALLOC_MIN_LAT_HWCS_BALANCE   40
Time	19669     19667     19503     19478     19698     19430     19407     20265     19695     19493     19427     
Pow	200.290   200.021   200.026   199.714   199.836   199.298   199.554   197.027   200.094   199.412   199.862   
Ene	3939.499  3933.813  3901.114  3890.036  3936.370  3872.357  3872.744  3992.753  3940.857  3887.129  3882.718  
matrix_mult
MCTOP_ALLOC_SEQUENTIAL   40
Time	15940     15918     15915     15933     15917     15923     15941     15947     15998     15954     15908     
Pow	170.499   170.347   170.348   170.531   170.426   170.644   170.517   170.742   170.727   170.788   170.658   
Ene	2717.755  2711.591  2711.090  2717.071  2712.668  2717.171  2718.216  2722.820  2731.287  2724.749  2714.828  
MCTOP_ALLOC_BW_ROUND_ROBIN_HWCS   40
Time	15924     15927     15920     15921     15911     15922     15930     15923     15912     15912     15917     
Pow	170.369   170.616   170.562   170.315   170.314   170.701   170.589   170.168   170.409   170.484   170.570   
Ene	2712.951  2717.401  2715.352  2711.582  2709.865  2717.902  2717.489  2709.587  2711.547  2712.741  2714.961  
wsearchmem
MCTOP_ALLOC_SEQUENTIAL   40
Time	1546      1546      1548      1563      1565      1563      1564      1569      1563      1561      1553      
Pow	214.402   214.023   213.948   212.001   211.956   212.148   211.901   211.496   212.088   212.282   213.529   
Ene	331.465   330.879   331.191   331.357   331.711   331.587   331.413   331.836   331.494   331.373   331.610   
MCTOP_ALLOC_BW_ROUND_ROBIN_CORES   40
Time	1562      1561      1567      1591      1564      1562      1565      1563      1562      1560      1567      
Pow	210.490   210.028   209.735   210.252   210.189   210.382   209.921   209.843   209.938   210.051   210.003   
Ene	328.785   327.853   328.655   334.510   328.736   328.617   328.526   327.984   327.923   327.680   329.074   
matrix_mult2
MCTOP_ALLOC_SEQUENTIAL   40
Time	11129     11154     11128     11166     11132     11157     11148     11130     11141     11178     11268     
Pow	192.152   192.920   191.662   192.535   191.478   192.954   192.357   191.490   192.440   192.830   193.481   
Ene	2138.455  2151.832  2132.815  2149.849  2131.533  2152.786  2144.392  2131.289  2143.973  2155.451  2180.140  
MCTOP_ALLOC_MIN_LAT_CORES   20
Time	11299     11258     11252     11179     11196     11276     11210     11199     11255     11249     11239     
Pow	182.962   182.319   182.755   181.642   181.979   182.668   182.459   181.952   182.564   182.042   182.318   
Ene	2067.291  2052.550  2056.363  2030.580  2037.438  2059.764  2045.367  2037.679  2054.762  2047.792  2049.073  
hist
MCTOP_ALLOC_SEQUENTIAL   40
Time	181       180       173       180       173       181       173       192       183       190       170       
Pow	195.865   196.126   198.964   195.002   199.933   194.591   198.841   196.727   197.118   192.198   200.207   
Ene	35.451    35.303    34.421    35.100    34.588    35.221    34.399    37.772    36.073    36.518    34.035    
MCTOP_ALLOC_MIN_LAT_HWCS_BALANCE   40
Time	177       192       178       181       170       198       177       188       184       181       190       
Pow	195.898   194.305   194.479   196.002   198.759   191.594   197.065   195.640   196.524   193.320   188.493   
Ene	34.674    37.306    34.617    35.476    33.789    37.936    34.881    36.780    36.160    34.991    35.814    
linear_regression
MCTOP_ALLOC_SEQUENTIAL   40
Time	283       282       291       282       281       275       284       276       278       290       278       
Pow	215.788   215.879   211.121   216.073   215.661   216.279   214.954   216.492   217.178   211.736   218.073   
Ene	61.068    60.878    61.436    60.933    60.601    59.477    61.047    59.752    60.376    61.403    60.624    
MCTOP_ALLOC_MIN_LAT_HWCS_BALANCE   40
Time	284       293       287       282       286       286       283       285       302       289       287       
Pow	213.508   209.110   211.211   214.036   214.652   212.366   212.771   211.613   205.831   209.708   212.160   
Ene	60.636    61.269    60.618    60.358    61.390    60.737    60.214    60.310    62.161    60.606    60.890    
string_match
MCTOP_ALLOC_SEQUENTIAL   40
Time	356       351       349       351       354       347       348       353       348       361       354       
Pow	179.224   179.957   181.518   181.401   180.101   180.982   181.496   180.605   180.677   180.632   181.254   
Ene	63.804    63.165    63.350    63.672    63.756    62.801    63.161    63.754    62.876    65.208    64.164    
MCTOP_ALLOC_BW_ROUND_ROBIN_HWCS   40
Time	358       359       352       351       349       352       354       350       348       353       357       
Pow	179.158   178.853   179.084   179.276   180.140   179.489   178.009   179.901   179.572   179.418   177.873   
Ene	64.138    64.208    63.037    62.926    62.869    63.180    63.015    62.965    62.491    63.335    63.501    
