kmeans 10 32 50000000 80
MCTOP_ALLOC_SEQUENTIAL   32
Time	72605     72585     72639     72719     72548     72918     72906     73009     72918     72916     72552     
Pow	0.000     0.000     0.000     0.000     0.000     0.000     0.000     0.000     0.000     0.000     0.000     
Ene	0.000     0.000     0.000     0.000     0.000     0.000     0.000     0.000     0.000     0.000     0.000     
MCTOP_ALLOC_MIN_LAT_CORES_HWCS   8
Time	51334     51196     51247     51397     51277     51456     51323     51322     51354     51348     51326     
Pow	0.000     0.000     0.000     0.000     0.000     0.000     0.000     0.000     0.000     0.000     0.000     
Ene	0.000     0.000     0.000     0.000     0.000     0.000     0.000     0.000     0.000     0.000     0.000     
mean -N10240000000
MCTOP_ALLOC_SEQUENTIAL   160
Time	1739      1709      1628      1658      1639      1589      1615      1663      1681      1675      1593      
Pow	0.000     0.000     0.000     0.000     0.000     0.000     0.000     0.000     0.000     0.000     0.000     
Ene	0.000     0.000     0.000     0.000     0.000     0.000     0.000     0.000     0.000     0.000     0.000     
MCTOP_ALLOC_MIN_LAT_HWCS   128
Time	1915      1882      1923      1990      1888      1906      1995      1929      1913      1893      1847      
Pow	0.000     0.000     0.000     0.000     0.000     0.000     0.000     0.000     0.000     0.000     0.000     
Ene	0.000     0.000     0.000     0.000     0.000     0.000     0.000     0.000     0.000     0.000     0.000     
wc data/wc/300MB_1M_Keys.txt
MCTOP_ALLOC_SEQUENTIAL   32
Time	32728     32511     32456     32802     32727     32685     32725     32609     32508     32628     32296     
Pow	0.000     0.000     0.000     0.000     0.000     0.000     0.000     0.000     0.000     0.000     0.000     
Ene	0.000     0.000     0.000     0.000     0.000     0.000     0.000     0.000     0.000     0.000     0.000     
MCTOP_ALLOC_MIN_LAT_CORES   8
Time	23030     23058     23010     22992     23066     23005     23059     23061     23037     22996     22999     
Pow	0.000     0.000     0.000     0.000     0.000     0.000     0.000     0.000     0.000     0.000     0.000     
Ene	0.000     0.000     0.000     0.000     0.000     0.000     0.000     0.000     0.000     0.000     0.000     
matrix_mult2 -l6000
MCTOP_ALLOC_SEQUENTIAL   224
Time	49730     49209     49137     49551     49551     49240     49460     49145     49367     49925     49755     
Pow	0.000     0.000     0.000     0.000     0.000     0.000     0.000     0.000     0.000     0.000     0.000     
Ene	0.000     0.000     0.000     0.000     0.000     0.000     0.000     0.000     0.000     0.000     0.000     
MCTOP_ALLOC_MIN_LAT_CORES   32
Time	14515     14586     14554     14612     14507     14674     14549     14502     14572     14468     14649     
Pow	0.000     0.000     0.000     0.000     0.000     0.000     0.000     0.000     0.000     0.000     0.000     
Ene	0.000     0.000     0.000     0.000     0.000     0.000     0.000     0.000     0.000     0.000     0.000     
