kmeans 10 32 5000000 80
MCTOP_ALLOC_SEQUENTIAL   32
Time	4659      4697      4647      4636      4687      4766      4651      4731      4636      4677      4683      
Pow	0.000     0.000     0.000     0.000     0.000     0.000     0.000     0.000     0.000     0.000     0.000     
Ene	0.000     0.000     0.000     0.000     0.000     0.000     0.000     0.000     0.000     0.000     0.000     
MCTOP_ALLOC_MIN_LAT_CORES   8
Time	5299      5149      5149      5266      5235      5223      5156      5141      5283      5213      5171      
Pow	0.000     0.000     0.000     0.000     0.000     0.000     0.000     0.000     0.000     0.000     0.000     
Ene	0.000     0.000     0.000     0.000     0.000     0.000     0.000     0.000     0.000     0.000     0.000     
kmeans 10 32 50000000 80
MCTOP_ALLOC_SEQUENTIAL   32
Time	72544     72813     72497     72456     72955     72497     72721     72989     72653     72577     73026     
Pow	0.000     0.000     0.000     0.000     0.000     0.000     0.000     0.000     0.000     0.000     0.000     
Ene	0.000     0.000     0.000     0.000     0.000     0.000     0.000     0.000     0.000     0.000     0.000     
MCTOP_ALLOC_MIN_LAT_CORES   8
Time	51272     51074     51141     51206     51064     51089     51197     51196     51263     51277     51131     
Pow	0.000     0.000     0.000     0.000     0.000     0.000     0.000     0.000     0.000     0.000     0.000     
Ene	0.000     0.000     0.000     0.000     0.000     0.000     0.000     0.000     0.000     0.000     0.000     
mean -N10240000000
MCTOP_ALLOC_SEQUENTIAL   160
Time	1737      1627      1652      1651      1699      1625      1578      1619      1666      1621      1599      
Pow	0.000     0.000     0.000     0.000     0.000     0.000     0.000     0.000     0.000     0.000     0.000     
Ene	0.000     0.000     0.000     0.000     0.000     0.000     0.000     0.000     0.000     0.000     0.000     
MCTOP_ALLOC_MIN_LAT_CORES   64
Time	1020      1036      1069      998       991       1043      1037      1068      992       1080      1036      
Pow	0.000     0.000     0.000     0.000     0.000     0.000     0.000     0.000     0.000     0.000     0.000     
Ene	0.000     0.000     0.000     0.000     0.000     0.000     0.000     0.000     0.000     0.000     0.000     
wc data/wc/300MB_1M_Keys.txt
MCTOP_ALLOC_SEQUENTIAL   32
Time	32838     32550     32486     32739     32827     32729     32737     32488     32787     32581     32357     
Pow	0.000     0.000     0.000     0.000     0.000     0.000     0.000     0.000     0.000     0.000     0.000     
Ene	0.000     0.000     0.000     0.000     0.000     0.000     0.000     0.000     0.000     0.000     0.000     
MCTOP_ALLOC_MIN_LAT_CORES   8
Time	22955     22913     23002     22971     22972     22996     22997     22951     22992     22986     22970     
Pow	0.000     0.000     0.000     0.000     0.000     0.000     0.000     0.000     0.000     0.000     0.000     
Ene	0.000     0.000     0.000     0.000     0.000     0.000     0.000     0.000     0.000     0.000     0.000     
wr data/wr/800MB.txt
MCTOP_ALLOC_SEQUENTIAL   16
Time	51456     50560     50695     51233     50762     50592     50811     51828     51546     51236     50386     
Pow	0.000     0.000     0.000     0.000     0.000     0.000     0.000     0.000     0.000     0.000     0.000     
Ene	0.000     0.000     0.000     0.000     0.000     0.000     0.000     0.000     0.000     0.000     0.000     
MCTOP_ALLOC_MIN_LAT_CORES   8
Time	48816     48530     48511     48447     48592     48744     48390     48742     48542     48568     48351     
Pow	0.000     0.000     0.000     0.000     0.000     0.000     0.000     0.000     0.000     0.000     0.000     
Ene	0.000     0.000     0.000     0.000     0.000     0.000     0.000     0.000     0.000     0.000     0.000     
wrmem -s8192
MCTOP_ALLOC_SEQUENTIAL   64
Time	164753    168774    164917    166571    166575    170628    169024    164990    171664    175686    165126    
Pow	0.000     0.000     0.000     0.000     0.000     0.000     0.000     0.000     0.000     0.000     0.000     
Ene	0.000     0.000     0.000     0.000     0.000     0.000     0.000     0.000     0.000     0.000     0.000     
MCTOP_ALLOC_BW_ROUND_ROBIN_CORES   16
Time	81336     78469     79145     80658     81230     81471     82954     81978     79176     81862     82515     
Pow	0.000     0.000     0.000     0.000     0.000     0.000     0.000     0.000     0.000     0.000     0.000     
Ene	0.000     0.000     0.000     0.000     0.000     0.000     0.000     0.000     0.000     0.000     0.000     
matrix_mult -l2000
MCTOP_ALLOC_SEQUENTIAL   224
Time	1473      1689      1438      1462      1518      1497      1470      1453      1435      1495      1515      
Pow	0.000     0.000     0.000     0.000     0.000     0.000     0.000     0.000     0.000     0.000     0.000     
Ene	0.000     0.000     0.000     0.000     0.000     0.000     0.000     0.000     0.000     0.000     0.000     
MCTOP_ALLOC_MIN_LAT_CORES   64
Time	1020      995       877       869       969       1034      948       909       978       861       865       
Pow	0.000     0.000     0.000     0.000     0.000     0.000     0.000     0.000     0.000     0.000     0.000     
Ene	0.000     0.000     0.000     0.000     0.000     0.000     0.000     0.000     0.000     0.000     0.000     
matrix_mult -l6000
MCTOP_ALLOC_SEQUENTIAL   224
Time	46489     46915     46305     46783     46412     46607     46164     46276     46464     46294     46728     
Pow	0.000     0.000     0.000     0.000     0.000     0.000     0.000     0.000     0.000     0.000     0.000     
Ene	0.000     0.000     0.000     0.000     0.000     0.000     0.000     0.000     0.000     0.000     0.000     
MCTOP_ALLOC_MIN_LAT_CORES   64
Time	24892     24971     24953     24863     24905     24914     24874     24781     24989     24925     24847     
Pow	0.000     0.000     0.000     0.000     0.000     0.000     0.000     0.000     0.000     0.000     0.000     
Ene	0.000     0.000     0.000     0.000     0.000     0.000     0.000     0.000     0.000     0.000     0.000     
wsearchmem -i8192
MCTOP_ALLOC_SEQUENTIAL   256
Time	940       844       1014      889       1157      857       871       872       1025      950       859       
Pow	0.000     0.000     0.000     0.000     0.000     0.000     0.000     0.000     0.000     0.000     0.000     
Ene	0.000     0.000     0.000     0.000     0.000     0.000     0.000     0.000     0.000     0.000     0.000     
MCTOP_ALLOC_MIN_LAT_CORES   64
Time	634       576       548       625       665       625       633       551       666       624       578       
Pow	0.000     0.000     0.000     0.000     0.000     0.000     0.000     0.000     0.000     0.000     0.000     
Ene	0.000     0.000     0.000     0.000     0.000     0.000     0.000     0.000     0.000     0.000     0.000     
wsearchmem -i32768
MCTOP_ALLOC_SEQUENTIAL   256
Time	2204      2350      2218      2237      2143      2379      2194      2148      2198      2319      2224      
Pow	0.000     0.000     0.000     0.000     0.000     0.000     0.000     0.000     0.000     0.000     0.000     
Ene	0.000     0.000     0.000     0.000     0.000     0.000     0.000     0.000     0.000     0.000     0.000     
MCTOP_ALLOC_MIN_LAT_CORES   64
Time	2045      1976      1989      1996      1995      2031      2026      2135      2027      1992      1999      
Pow	0.000     0.000     0.000     0.000     0.000     0.000     0.000     0.000     0.000     0.000     0.000     
Ene	0.000     0.000     0.000     0.000     0.000     0.000     0.000     0.000     0.000     0.000     0.000     
matrix_mult2 -l2000
MCTOP_ALLOC_SEQUENTIAL   224
Time	1275      1362      1244      1188      1178      1216      1242      1280      1233      1201      1255      
Pow	0.000     0.000     0.000     0.000     0.000     0.000     0.000     0.000     0.000     0.000     0.000     
Ene	0.000     0.000     0.000     0.000     0.000     0.000     0.000     0.000     0.000     0.000     0.000     
MCTOP_ALLOC_MIN_LAT_CORES   32
Time	706       672       594       599       587       594       551       588       619       595       589       
Pow	0.000     0.000     0.000     0.000     0.000     0.000     0.000     0.000     0.000     0.000     0.000     
Ene	0.000     0.000     0.000     0.000     0.000     0.000     0.000     0.000     0.000     0.000     0.000     
matrix_mult2 -l6000
MCTOP_ALLOC_SEQUENTIAL   224
Time	49553     49673     49582     49790     49981     49604     49339     49847     50011     49872     49695     
Pow	0.000     0.000     0.000     0.000     0.000     0.000     0.000     0.000     0.000     0.000     0.000     
Ene	0.000     0.000     0.000     0.000     0.000     0.000     0.000     0.000     0.000     0.000     0.000     
MCTOP_ALLOC_MIN_LAT_CORES   32
Time	13600     13404     13531     13577     13656     13452     13506     13682     13503     13563     13566     
Pow	0.000     0.000     0.000     0.000     0.000     0.000     0.000     0.000     0.000     0.000     0.000     
Ene	0.000     0.000     0.000     0.000     0.000     0.000     0.000     0.000     0.000     0.000     0.000     
hist data/hist-2.6g.bmp
MCTOP_ALLOC_SEQUENTIAL   128
Time	895       885       853       875       892       871       913       838       935       887       904       
Pow	0.000     0.000     0.000     0.000     0.000     0.000     0.000     0.000     0.000     0.000     0.000     
Ene	0.000     0.000     0.000     0.000     0.000     0.000     0.000     0.000     0.000     0.000     0.000     
MCTOP_ALLOC_MIN_LAT_CORES   24
Time	601       553       580       580       590       598       611       588       585       615       571       
Pow	0.000     0.000     0.000     0.000     0.000     0.000     0.000     0.000     0.000     0.000     0.000     
Ene	0.000     0.000     0.000     0.000     0.000     0.000     0.000     0.000     0.000     0.000     0.000     
linear_regression data/lr_4GB.txt
MCTOP_ALLOC_SEQUENTIAL   96
Time	903       922       983       872       984       910       913       935       996       907       894       
Pow	0.000     0.000     0.000     0.000     0.000     0.000     0.000     0.000     0.000     0.000     0.000     
Ene	0.000     0.000     0.000     0.000     0.000     0.000     0.000     0.000     0.000     0.000     0.000     
MCTOP_ALLOC_MIN_LAT_CORES   24
Time	754       748       810       762       762       777       766       770       749       780       776       
Pow	0.000     0.000     0.000     0.000     0.000     0.000     0.000     0.000     0.000     0.000     0.000     
Ene	0.000     0.000     0.000     0.000     0.000     0.000     0.000     0.000     0.000     0.000     0.000     
string_match data/sm_1GB.txt
MCTOP_ALLOC_SEQUENTIAL   224
Time	720       807       720       853       725       963       874       729       726       724       871       
Pow	0.000     0.000     0.000     0.000     0.000     0.000     0.000     0.000     0.000     0.000     0.000     
Ene	0.000     0.000     0.000     0.000     0.000     0.000     0.000     0.000     0.000     0.000     0.000     
MCTOP_ALLOC_MIN_LAT_CORES   96
Time	522       476       470       499       502       506       506       495       495       478       476       
Pow	0.000     0.000     0.000     0.000     0.000     0.000     0.000     0.000     0.000     0.000     0.000     
Ene	0.000     0.000     0.000     0.000     0.000     0.000     0.000     0.000     0.000     0.000     0.000     
