 ======================================================================================================== 
 ===============================================     1 MB =============================================== 
 ======================================================================================================== 
                             threads : 32        64        96        128       160       192       224       256      
 --------------------------------------------- ALLOCATOR: 3 --------------------------------------------- 
             merge_sort_std_parallel :    0.012     0.037     0.068     0.086     0.123     0.153     0.188     0.228 
                   mctop_sort_no_sse :    0.027     0.027     0.054     0.027     0.000     0.000     0.027     0.027 
       mctop_sort_no_sse_all_sockets :    0.027     0.027     0.027     0.054     0.000     0.000     0.054     0.027 
mctop_sort_no_sse_no_smt_all_sockets :    0.027     0.027     0.027     0.027     0.000     0.000     0.054     0.027 
 --------------------------------------------- ALLOCATOR: 4 --------------------------------------------- 
             merge_sort_std_parallel :    0.019     0.053     0.066     0.095     0.139     0.154     0.194     0.225 
                   mctop_sort_no_sse :    0.027     0.027     0.054     0.027     0.037     0.027     0.027     0.027 
       mctop_sort_no_sse_all_sockets :    0.027     0.027     0.055     0.027     0.027     0.054     0.054     0.027 
mctop_sort_no_sse_no_smt_all_sockets :    0.027     0.027     0.027     0.044     0.027     0.027     0.027     0.055 
 --------------------------------------------- ALLOCATOR: 7 --------------------------------------------- 
             merge_sort_std_parallel :    0.023     0.049     0.081     0.097     0.132     0.155     0.192     0.220 
                   mctop_sort_no_sse :    0.027     0.027     0.053     0.054     0.027     0.053     0.027     0.027 
       mctop_sort_no_sse_all_sockets :    0.054     0.027     0.027     0.027     0.027     0.054     0.027     0.027 
mctop_sort_no_sse_no_smt_all_sockets :    0.027     0.027     0.027     0.027     0.056     0.054     0.027     0.050 
 --------------------------------------------- ALLOCATOR: 9 --------------------------------------------- 
             merge_sort_std_parallel :    0.018     0.047     0.074     0.097     0.123     0.156     0.192     0.225 
                   mctop_sort_no_sse :    0.054     0.053     0.037     0.027     0.055     0.027     0.027     0.054 
       mctop_sort_no_sse_all_sockets :    0.027     0.053     0.027     0.054     0.056     0.027     0.045     0.027 
mctop_sort_no_sse_no_smt_all_sockets :    0.027     0.054     0.054     0.050     0.051     0.027     0.027     0.027 


 ======================================================================================================== 
 ===============================================     2 MB =============================================== 
 ======================================================================================================== 
                             threads : 32        64        96        128       160       192       224       256      
 --------------------------------------------- ALLOCATOR: 3 --------------------------------------------- 
             merge_sort_std_parallel :    0.034     0.055     0.087     0.106     0.147     0.174     0.219     0.285 
                   mctop_sort_no_sse :    0.114     0.120     0.058     0.057     0.000     0.000     0.057     0.068 
       mctop_sort_no_sse_all_sockets :    0.057     0.057     0.057     0.121     0.000     0.000     0.120     0.116 
mctop_sort_no_sse_no_smt_all_sockets :    0.069     0.057     0.057     0.121     0.000     0.000     0.107     0.057 
 --------------------------------------------- ALLOCATOR: 4 --------------------------------------------- 
             merge_sort_std_parallel :    0.041     0.065     0.078     0.109     0.152     0.170     0.225     0.289 
                   mctop_sort_no_sse :    0.057     0.058     0.081     0.067     0.057     0.057     0.057     0.057 
       mctop_sort_no_sse_all_sockets :    0.057     0.057     0.057     0.057     0.057     0.120     0.057     0.078 
mctop_sort_no_sse_no_smt_all_sockets :    0.057     0.076     0.062     0.057     0.057     0.057     0.057     0.080 
 --------------------------------------------- ALLOCATOR: 7 --------------------------------------------- 
             merge_sort_std_parallel :    0.042     0.064     0.081     0.119     0.143     0.167     0.199     0.326 
                   mctop_sort_no_sse :    0.057     0.057     0.082     0.057     0.077     0.057     0.057     0.057 
       mctop_sort_no_sse_all_sockets :    0.057     0.078     0.057     0.057     0.057     0.057     0.057     0.062 
mctop_sort_no_sse_no_smt_all_sockets :    0.057     0.057     0.081     0.057     0.085     0.058     0.057     0.057 
 --------------------------------------------- ALLOCATOR: 9 --------------------------------------------- 
             merge_sort_std_parallel :    0.042     0.065     0.087     0.115     0.139     0.165     0.195     0.289 
                   mctop_sort_no_sse :    0.057     0.057     0.058     0.057     0.057     0.057     0.120     0.057 
       mctop_sort_no_sse_all_sockets :    0.063     0.057     0.057     0.057     0.057     0.080     0.057     0.082 
mctop_sort_no_sse_no_smt_all_sockets :    0.077     0.120     0.111     0.120     0.057     0.064     0.057     0.057 


 ======================================================================================================== 
 ===============================================     4 MB =============================================== 
 ======================================================================================================== 
                             threads : 32        64        96        128       160       192       224       256      
 --------------------------------------------- ALLOCATOR: 3 --------------------------------------------- 
             merge_sort_std_parallel :    0.031     0.056     0.088     0.110     0.150     0.175     0.200     0.228 
                   mctop_sort_no_sse :    0.033     0.077     0.081     0.124     0.000     0.000     0.307     0.381 
       mctop_sort_no_sse_all_sockets :    0.033     0.079     0.083     0.124     0.000     0.000     0.264     0.366 
mctop_sort_no_sse_no_smt_all_sockets :    0.051     0.064     0.080     0.126     0.000     0.000     0.239     0.266 
 --------------------------------------------- ALLOCATOR: 4 --------------------------------------------- 
             merge_sort_std_parallel :    0.034     0.051     0.079     0.115     0.147     0.177     0.206     0.222 
                   mctop_sort_no_sse :    0.037     0.069     0.106     0.140     0.192     0.244     0.283     0.327 
       mctop_sort_no_sse_all_sockets :    0.039     0.063     0.115     0.154     0.225     0.230     0.279     0.355 
mctop_sort_no_sse_no_smt_all_sockets :    0.042     0.061     0.094     0.110     0.154     0.214     0.243     0.265 
 --------------------------------------------- ALLOCATOR: 7 --------------------------------------------- 
             merge_sort_std_parallel :    0.029     0.056     0.082     0.108     0.145     0.167     0.209     0.230 
                   mctop_sort_no_sse :    0.043     0.048     0.039     0.042     0.048     0.037     0.043     0.041 
       mctop_sort_no_sse_all_sockets :    0.042     0.033     0.043     0.041     0.038     0.046     0.035     0.039 
mctop_sort_no_sse_no_smt_all_sockets :    0.041     0.038     0.040     0.048     0.042     0.036     0.041     0.038 
 --------------------------------------------- ALLOCATOR: 9 --------------------------------------------- 
             merge_sort_std_parallel :    0.032     0.062     0.095     0.110     0.148     0.174     0.227     0.230 
                   mctop_sort_no_sse :    0.043     0.072     0.138     0.161     0.202     0.228     0.300     0.361 
       mctop_sort_no_sse_all_sockets :    0.043     0.083     0.114     0.142     0.212     0.233     0.275     0.368 
mctop_sort_no_sse_no_smt_all_sockets :    0.122     0.066     0.143     0.119     0.143     0.193     0.254     0.276 


 ======================================================================================================== 
 ===============================================     8 MB =============================================== 
 ======================================================================================================== 
                             threads : 32        64        96        128       160       192       224       256      
 --------------------------------------------- ALLOCATOR: 3 --------------------------------------------- 
             merge_sort_std_parallel :    0.047     0.070     0.096     0.123     0.159     0.190     0.213     0.255 
                   mctop_sort_no_sse :    0.048     0.093     0.176     0.204     0.000     0.000     0.291     0.324 
       mctop_sort_no_sse_all_sockets :    0.051     0.086     0.165     0.218     0.000     0.000     0.327     0.378 
mctop_sort_no_sse_no_smt_all_sockets :    0.049     0.080     0.102     0.164     0.000     0.000     0.263     0.279 
 --------------------------------------------- ALLOCATOR: 4 --------------------------------------------- 
             merge_sort_std_parallel :    0.049     0.068     0.098     0.119     0.172     0.202     0.216     0.227 
                   mctop_sort_no_sse :    0.070     0.083     0.120     0.165     0.208     0.285     0.338     0.369 
       mctop_sort_no_sse_all_sockets :    0.061     0.083     0.118     0.159     0.196     0.249     0.398     0.364 
mctop_sort_no_sse_no_smt_all_sockets :    0.068     0.081     0.102     0.136     0.159     0.218     0.244     0.299 
 --------------------------------------------- ALLOCATOR: 7 --------------------------------------------- 
             merge_sort_std_parallel :    0.046     0.060     0.098     0.125     0.153     0.177     0.222     0.233 
                   mctop_sort_no_sse :    0.058     0.058     0.063     0.083     0.067     0.060     0.060     0.059 
       mctop_sort_no_sse_all_sockets :    0.058     0.060     0.058     0.057     0.070     0.061     0.063     0.053 
mctop_sort_no_sse_no_smt_all_sockets :    0.073     0.061     0.053     0.081     0.062     0.063     0.049     0.053 
 --------------------------------------------- ALLOCATOR: 9 --------------------------------------------- 
             merge_sort_std_parallel :    0.042     0.064     0.093     0.122     0.163     0.184     0.216     0.246 
                   mctop_sort_no_sse :    0.060     0.078     0.131     0.148     0.191     0.244     0.434     0.382 
       mctop_sort_no_sse_all_sockets :    0.055     0.095     0.119     0.157     0.209     0.267     0.329     0.499 
mctop_sort_no_sse_no_smt_all_sockets :    0.063     0.085     0.107     0.140     0.193     0.232     0.273     0.291 


 ======================================================================================================== 
 ===============================================    16 MB =============================================== 
 ======================================================================================================== 
                             threads : 32        64        96        128       160       192       224       256      
 --------------------------------------------- ALLOCATOR: 3 --------------------------------------------- 
             merge_sort_std_parallel :    0.060     0.090     0.125     0.150     0.196     0.217     0.225     0.289 
                   mctop_sort_no_sse :    0.072     0.150     0.169     0.203     0.000     0.000     0.373     0.431 
       mctop_sort_no_sse_all_sockets :    0.099     0.103     0.171     0.206     0.000     0.000     0.374     0.506 
mctop_sort_no_sse_no_smt_all_sockets :    0.077     0.099     0.136     0.141     0.000     0.000     0.258     0.351 
 --------------------------------------------- ALLOCATOR: 4 --------------------------------------------- 
             merge_sort_std_parallel :    0.075     0.083     0.119     0.151     0.193     0.217     0.237     0.279 
                   mctop_sort_no_sse :    0.084     0.090     0.144     0.186     0.266     0.299     0.377     0.473 
       mctop_sort_no_sse_all_sockets :    0.092     0.111     0.136     0.198     0.231     0.317     0.365     0.501 
mctop_sort_no_sse_no_smt_all_sockets :    0.087     0.099     0.118     0.168     0.211     0.221     0.296     0.379 
 --------------------------------------------- ALLOCATOR: 7 --------------------------------------------- 
             merge_sort_std_parallel :    0.071     0.090     0.120     0.158     0.190     0.212     0.248     0.269 
                   mctop_sort_no_sse :    0.094     0.081     0.097     0.084     0.084     0.086     0.085     0.087 
       mctop_sort_no_sse_all_sockets :    0.090     0.078     0.093     0.089     0.084     0.085     0.077     0.090 
mctop_sort_no_sse_no_smt_all_sockets :    0.083     0.073     0.078     0.093     0.078     0.086     0.081     0.091 
 --------------------------------------------- ALLOCATOR: 9 --------------------------------------------- 
             merge_sort_std_parallel :    0.074     0.086     0.118     0.142     0.195     0.221     0.242     0.276 
                   mctop_sort_no_sse :    0.081     0.103     0.161     0.181     0.257     0.333     0.385     0.612 
       mctop_sort_no_sse_all_sockets :    0.079     0.111     0.126     0.192     0.258     0.310     0.382     0.383 
mctop_sort_no_sse_no_smt_all_sockets :    0.083     0.101     0.129     0.171     0.205     0.251     0.331     0.373 


 ======================================================================================================== 
 ===============================================    32 MB =============================================== 
 ======================================================================================================== 
                             threads : 32        64        96        128       160       192       224       256      
 --------------------------------------------- ALLOCATOR: 3 --------------------------------------------- 
             merge_sort_std_parallel :    0.153     0.131     0.167     0.187     0.212     0.265     0.295     0.307 
                   mctop_sort_no_sse :    0.118     0.133     0.194     0.242     0.000     0.000     0.402     0.422 
       mctop_sort_no_sse_all_sockets :    0.116     0.137     0.139     0.225     0.000     0.000     0.361     0.476 
mctop_sort_no_sse_no_smt_all_sockets :    0.136     0.214     0.182     0.177     0.000     0.000     0.415     0.366 
 --------------------------------------------- ALLOCATOR: 4 --------------------------------------------- 
             merge_sort_std_parallel :    0.138     0.125     0.157     0.187     0.242     0.263     0.264     0.309 
                   mctop_sort_no_sse :    0.124     0.125     0.137     0.222     0.237     0.300     0.403     0.427 
       mctop_sort_no_sse_all_sockets :    0.091     0.115     0.168     0.213     0.261     0.349     0.370     0.442 
mctop_sort_no_sse_no_smt_all_sockets :    0.128     0.144     0.153     0.180     0.210     0.251     0.352     0.366 
 --------------------------------------------- ALLOCATOR: 7 --------------------------------------------- 
             merge_sort_std_parallel :    0.135     0.128     0.162     0.174     0.228     0.265     0.271     0.331 
                   mctop_sort_no_sse :    0.098     0.093     0.092     0.125     0.127     0.133     0.126     0.121 
       mctop_sort_no_sse_all_sockets :    0.119     0.109     0.127     0.101     0.097     0.094     0.121     0.134 
mctop_sort_no_sse_no_smt_all_sockets :    0.129     0.122     0.127     0.131     0.110     0.130     0.104     0.100 
 --------------------------------------------- ALLOCATOR: 9 --------------------------------------------- 
             merge_sort_std_parallel :    0.150     0.130     0.163     0.180     0.218     0.258     0.291     0.327 
                   mctop_sort_no_sse :    0.124     0.140     0.151     0.222     0.314     0.324     0.393     0.514 
       mctop_sort_no_sse_all_sockets :    0.120     0.122     0.151     0.252     0.288     0.339     0.347     0.468 
mctop_sort_no_sse_no_smt_all_sockets :    0.124     0.138     0.231     0.169     0.203     0.247     0.353     0.352 


 ======================================================================================================== 
 ===============================================    64 MB =============================================== 
 ======================================================================================================== 
                             threads : 32        64        96        128       160       192       224       256      
 --------------------------------------------- ALLOCATOR: 3 --------------------------------------------- 
             merge_sort_std_parallel :    0.203     0.186     0.220     0.273     0.306     0.310     0.354     0.362 
                   mctop_sort_no_sse :    0.221     0.235     0.268     0.306     0.000     0.000     0.379     0.486 
       mctop_sort_no_sse_all_sockets :    0.218     0.228     0.235     0.224     0.000     0.000     0.419     0.451 
mctop_sort_no_sse_no_smt_all_sockets :    0.258     0.280     0.205     0.257     0.000     0.000     0.391     0.372 
 --------------------------------------------- ALLOCATOR: 4 --------------------------------------------- 
             merge_sort_std_parallel :    0.252     0.170     0.229     0.267     0.301     0.335     0.356     0.415 
                   mctop_sort_no_sse :    0.206     0.145     0.185     0.245     0.263     0.354     0.399     0.485 
       mctop_sort_no_sse_all_sockets :    0.143     0.129     0.194     0.244     0.269     0.330     0.363     0.503 
mctop_sort_no_sse_no_smt_all_sockets :    0.215     0.211     0.210     0.246     0.271     0.306     0.387     0.364 
 --------------------------------------------- ALLOCATOR: 7 --------------------------------------------- 
             merge_sort_std_parallel :    0.196     0.236     0.254     0.280     0.336     0.347     0.351     0.382 
                   mctop_sort_no_sse :    0.214     0.134     0.216     0.204     0.203     0.200     0.152     0.206 
       mctop_sort_no_sse_all_sockets :    0.212     0.143     0.196     0.195     0.150     0.201     0.207     0.150 
mctop_sort_no_sse_no_smt_all_sockets :    0.219     0.153     0.138     0.145     0.197     0.208     0.137     0.200 
 --------------------------------------------- ALLOCATOR: 9 --------------------------------------------- 
             merge_sort_std_parallel :    0.231     0.232     0.247     0.284     0.310     0.343     0.360     0.392 
                   mctop_sort_no_sse :    0.194     0.195     0.223     0.267     0.334     0.357     0.379     0.497 
       mctop_sort_no_sse_all_sockets :    0.206     0.193     0.207     0.238     0.306     0.383     0.389     0.431 
mctop_sort_no_sse_no_smt_all_sockets :    0.207     0.192     0.212     0.286     0.279     0.277     0.369     0.376 


 ======================================================================================================== 
 ===============================================   128 MB =============================================== 
 ======================================================================================================== 
                             threads : 32        64        96        128       160       192       224       256      
 --------------------------------------------- ALLOCATOR: 3 --------------------------------------------- 
             merge_sort_std_parallel :    0.429     0.406     0.367     0.431     0.345     0.422     0.448     0.504 
                   mctop_sort_no_sse :    0.454     0.419     0.378     0.420     0.000     0.000     0.455     0.488 
       mctop_sort_no_sse_all_sockets :    0.378     0.416     0.390     0.365     0.000     0.000     0.415     0.512 
mctop_sort_no_sse_no_smt_all_sockets :    0.464     0.517     0.326     0.447     0.000     0.000     0.403     0.482 
 --------------------------------------------- ALLOCATOR: 4 --------------------------------------------- 
             merge_sort_std_parallel :    0.431     0.307     0.394     0.404     0.433     0.471     0.483     0.523 
                   mctop_sort_no_sse :    0.320     0.299     0.234     0.324     0.396     0.369     0.500     0.511 
       mctop_sort_no_sse_all_sockets :    0.332     0.290     0.321     0.359     0.320     0.447     0.553     0.537 
mctop_sort_no_sse_no_smt_all_sockets :    0.326     0.253     0.302     0.340     0.340     0.477     0.467     0.540 
 --------------------------------------------- ALLOCATOR: 7 --------------------------------------------- 
             merge_sort_std_parallel :    0.442     0.409     0.306     0.357     0.454     0.504     0.460     0.509 
                   mctop_sort_no_sse :    0.339     0.340     0.336     0.361     0.244     0.320     0.338     0.338 
       mctop_sort_no_sse_all_sockets :    0.321     0.234     0.325     0.321     0.332     0.325     0.326     0.252 
mctop_sort_no_sse_no_smt_all_sockets :    0.325     0.319     0.338     0.321     0.336     0.275     0.286     0.330 
 --------------------------------------------- ALLOCATOR: 9 --------------------------------------------- 
             merge_sort_std_parallel :    0.406     0.410     0.390     0.408     0.401     0.480     0.484     0.492 
                   mctop_sort_no_sse :    0.329     0.306     0.313     0.278     0.401     0.398     0.491     0.572 
       mctop_sort_no_sse_all_sockets :    0.313     0.290     0.290     0.316     0.364     0.506     0.474     0.541 
mctop_sort_no_sse_no_smt_all_sockets :    0.305     0.228     0.351     0.388     0.403     0.405     0.408     0.510 


 ======================================================================================================== 
 ===============================================   256 MB =============================================== 
 ======================================================================================================== 
                             threads : 32        64        96        128       160       192       224       256      
 --------------------------------------------- ALLOCATOR: 3 --------------------------------------------- 
             merge_sort_std_parallel :    0.771     0.638     0.568     0.637     0.638     0.718     0.682     0.747 
                   mctop_sort_no_sse :    0.705     0.708     0.541     0.569     0.000     0.000     0.525     0.573 
       mctop_sort_no_sse_all_sockets :    0.701     0.700     0.480     0.505     0.000     0.000     0.551     0.599 
mctop_sort_no_sse_no_smt_all_sockets :    0.881     0.923     0.647     0.625     0.000     0.000     0.543     0.646 
 --------------------------------------------- ALLOCATOR: 4 --------------------------------------------- 
             merge_sort_std_parallel :    0.761     0.664     0.557     0.610     0.643     0.710     0.689     0.769 
                   mctop_sort_no_sse :    0.525     0.414     0.450     0.370     0.477     0.598     0.583     0.615 
       mctop_sort_no_sse_all_sockets :    0.530     0.365     0.408     0.441     0.462     0.518     0.640     0.618 
mctop_sort_no_sse_no_smt_all_sockets :    0.514     0.455     0.449     0.448     0.514     0.484     0.555     0.600 
 --------------------------------------------- ALLOCATOR: 7 --------------------------------------------- 
             merge_sort_std_parallel :    0.798     0.590     0.616     0.621     0.630     0.636     0.699     0.710 
                   mctop_sort_no_sse :    0.539     0.511     0.545     0.528     0.512     0.508     0.526     0.544 
       mctop_sort_no_sse_all_sockets :    0.425     0.507     0.509     0.523     0.516     0.529     0.524     0.411 
mctop_sort_no_sse_no_smt_all_sockets :    0.535     0.498     0.513     0.517     0.538     0.513     0.511     0.499 
 --------------------------------------------- ALLOCATOR: 9 --------------------------------------------- 
             merge_sort_std_parallel :    0.747     0.638     0.665     0.620     0.642     0.686     0.598     0.732 
                   mctop_sort_no_sse :    0.531     0.420     0.360     0.430     0.489     0.508     0.593     0.598 
       mctop_sort_no_sse_all_sockets :    0.498     0.409     0.420     0.380     0.472     0.516     0.555     0.602 
mctop_sort_no_sse_no_smt_all_sockets :    0.501     0.466     0.386     0.486     0.514     0.502     0.701     0.600 


 ======================================================================================================== 
 ===============================================   512 MB =============================================== 
 ======================================================================================================== 
                             threads : 32        64        96        128       160       192       224       256      
 --------------------------------------------- ALLOCATOR: 3 --------------------------------------------- 
             merge_sort_std_parallel :    1.439     1.019     1.000     0.994     0.900     0.982     1.059     1.033 
                   mctop_sort_no_sse :    1.364     1.280     0.789     0.839     0.000     0.000     0.803     0.857 
       mctop_sort_no_sse_all_sockets :    1.362     1.292     0.783     0.836     0.000     0.000     0.743     0.830 
mctop_sort_no_sse_no_smt_all_sockets :    1.753     1.755     1.061     1.080     0.000     0.000     0.842     0.903 
 --------------------------------------------- ALLOCATOR: 4 --------------------------------------------- 
             merge_sort_std_parallel :    1.494     0.989     0.923     0.967     1.045     1.069     1.000     1.085 
                   mctop_sort_no_sse :    0.980     0.606     0.580     0.623     0.693     0.685     0.734     0.863 
       mctop_sort_no_sse_all_sockets :    0.981     0.650     0.580     0.590     0.667     0.694     0.844     0.905 
mctop_sort_no_sse_no_smt_all_sockets :    0.881     0.707     0.647     0.753     0.721     0.802     0.814     0.877 
 --------------------------------------------- ALLOCATOR: 7 --------------------------------------------- 
             merge_sort_std_parallel :    1.491     1.001     0.946     1.048     0.992     0.980     1.065     1.128 
                   mctop_sort_no_sse :    0.976     1.007     1.005     0.985     0.995     0.955     0.947     0.974 
       mctop_sort_no_sse_all_sockets :    0.964     0.898     0.964     0.911     0.946     0.947     0.943     0.897 
mctop_sort_no_sse_no_smt_all_sockets :    0.886     0.910     0.916     0.897     0.846     0.887     0.911     0.921 
 --------------------------------------------- ALLOCATOR: 9 --------------------------------------------- 
             merge_sort_std_parallel :    1.459     1.033     0.974     0.991     1.021     0.939     1.028     1.106 
                   mctop_sort_no_sse :    0.920     0.598     0.643     0.598     0.668     0.708     0.752     1.072 
       mctop_sort_no_sse_all_sockets :    0.938     0.701     0.571     0.636     0.690     0.710     0.749     0.812 
mctop_sort_no_sse_no_smt_all_sockets :    0.935     0.719     0.767     0.676     0.719     0.801     0.819     0.867 


 ======================================================================================================== 
 ===============================================  1024 MB =============================================== 
 ======================================================================================================== 
                             threads : 32        64        96        128       160       192       224       256      
 --------------------------------------------- ALLOCATOR: 3 --------------------------------------------- 
             merge_sort_std_parallel :    2.970     1.871     1.509     1.442     1.508     1.537     1.546     1.686 
                   mctop_sort_no_sse :    2.758     2.501     1.525     1.459     0.000     0.000     1.144     1.254 
       mctop_sort_no_sse_all_sockets :    2.757     2.507     1.500     1.466     0.000     0.000     1.118     1.163 
mctop_sort_no_sse_no_smt_all_sockets :    3.564     3.492     1.912     1.949     0.000     0.000     1.359     1.378 
 --------------------------------------------- ALLOCATOR: 4 --------------------------------------------- 
             merge_sort_std_parallel :    2.930     1.862     1.507     1.404     1.476     1.518     1.697     1.704 
                   mctop_sort_no_sse :    1.795     1.243     1.067     1.012     1.074     1.100     1.133     1.222 
       mctop_sort_no_sse_all_sockets :    1.743     1.184     1.059     0.974     1.041     1.061     1.135     1.220 
mctop_sort_no_sse_no_smt_all_sockets :    1.706     1.317     1.284     1.178     1.273     1.290     1.357     1.374 
 --------------------------------------------- ALLOCATOR: 7 --------------------------------------------- 
             merge_sort_std_parallel :    2.900     1.822     1.531     1.461     1.431     1.592     1.559     1.688 
                   mctop_sort_no_sse :    1.785     1.805     1.748     1.810     1.820     1.805     1.861     1.798 
       mctop_sort_no_sse_all_sockets :    1.768     1.796     1.735     1.722     1.656     1.769     1.776     1.746 
mctop_sort_no_sse_no_smt_all_sockets :    1.757     1.665     1.732     1.649     1.734     1.730     1.679     1.716 
 --------------------------------------------- ALLOCATOR: 9 --------------------------------------------- 
             merge_sort_std_parallel :    2.916     1.865     1.559     1.467     1.490     1.548     1.655     1.713 
                   mctop_sort_no_sse :    1.758     1.205     1.090     1.030     1.096     1.126     1.149     1.271 
       mctop_sort_no_sse_all_sockets :    1.766     1.127     1.071     1.010     1.051     1.175     1.142     1.248 
mctop_sort_no_sse_no_smt_all_sockets :    1.714     1.332     1.300     1.205     1.291     1.334     1.354     1.397 


 ======================================================================================================== 
 ===============================================  2048 MB =============================================== 
 ======================================================================================================== 
                             threads : 32        64        96        128       160       192       224       256      
 --------------------------------------------- ALLOCATOR: 3 --------------------------------------------- 
             merge_sort_std_parallel :    5.864     3.601     2.788     2.404     2.373     2.361     2.434     2.374 
                   mctop_sort_no_sse :    5.649     5.016     2.934     2.892     0.000     0.000     2.002     2.014 
       mctop_sort_no_sse_all_sockets :    5.649     5.015     2.942     2.779     0.000     0.000     1.923     2.027 
mctop_sort_no_sse_no_smt_all_sockets :    7.263     7.076     3.820     3.792     0.000     0.000     2.363     2.405 
 --------------------------------------------- ALLOCATOR: 4 --------------------------------------------- 
             merge_sort_std_parallel :    5.842     3.615     2.832     2.372     2.345     2.355     2.479     2.464 
                   mctop_sort_no_sse :    3.507     2.329     2.067     1.921     1.929     1.909     1.906     2.040 
       mctop_sort_no_sse_all_sockets :    3.436     2.240     2.016     1.841     1.901     2.006     1.881     2.093 
mctop_sort_no_sse_no_smt_all_sockets :    3.423     2.513     2.367     2.326     2.328     2.333     2.366     2.437 
 --------------------------------------------- ALLOCATOR: 7 --------------------------------------------- 
             merge_sort_std_parallel :    5.879     3.491     2.815     2.417     2.438     2.416     2.343     2.421 
                   mctop_sort_no_sse :    3.496     3.581     3.490     3.517     3.542     3.515     3.549     3.464 
       mctop_sort_no_sse_all_sockets :    3.409     3.424     3.419     3.501     3.434     3.462     3.419     3.389 
mctop_sort_no_sse_no_smt_all_sockets :    3.336     3.397     3.360     3.400     3.420     3.418     3.342     3.421 
 --------------------------------------------- ALLOCATOR: 9 --------------------------------------------- 
             merge_sort_std_parallel :    5.871     3.585     2.777     2.446     2.381     2.447     2.383     2.365 
                   mctop_sort_no_sse :    3.471     2.273     1.976     1.859     1.921     1.921     1.951     2.000 
       mctop_sort_no_sse_all_sockets :    3.396     2.296     1.929     1.788     1.888     1.889     1.864     1.977 
mctop_sort_no_sse_no_smt_all_sockets :    3.413     2.526     2.363     2.248     2.306     2.392     2.376     2.411 


 ======================================================================================================== 
 ===============================================  4096 MB =============================================== 
 ======================================================================================================== 
                             threads : 32        64        96        128       160       192       224       256      
 --------------------------------------------- ALLOCATOR: 3 --------------------------------------------- 
             merge_sort_std_parallel :   11.937     7.065     5.313     4.311     4.185     4.081     3.999     4.014 
                   mctop_sort_no_sse :   11.460    10.306     5.936     5.480     0.000     0.000     3.684     3.795 
       mctop_sort_no_sse_all_sockets :   11.448    10.300     5.922     5.472     0.000     0.000     3.570     3.515 
mctop_sort_no_sse_no_smt_all_sockets :   14.699    14.460     7.704     7.624     0.000     0.000     4.483     4.574 
 --------------------------------------------- ALLOCATOR: 4 --------------------------------------------- 
             merge_sort_std_parallel :   11.932     7.257     5.321     4.430     4.178     4.105     3.995     4.094 
                   mctop_sort_no_sse :    7.051     4.594     3.931     3.542     3.627     3.559     3.520     3.620 
       mctop_sort_no_sse_all_sockets :    6.855     4.482     3.869     3.485     3.552     3.549     3.553     3.590 
mctop_sort_no_sse_no_smt_all_sockets :    6.811     5.046     4.751     4.456     4.525     4.516     4.432     4.494 
 --------------------------------------------- ALLOCATOR: 7 --------------------------------------------- 
             merge_sort_std_parallel :   11.817     7.018     5.212     4.389     4.338     3.996     3.973     4.006 
                   mctop_sort_no_sse :    7.057     7.067     7.096     7.060     7.049     7.151     7.048     7.056 
       mctop_sort_no_sse_all_sockets :    6.815     6.807     6.795     6.832     6.815     6.806     6.845     6.825 
mctop_sort_no_sse_no_smt_all_sockets :    6.808     6.823     6.825     6.859     6.816     6.808     6.851     6.855 
 --------------------------------------------- ALLOCATOR: 9 --------------------------------------------- 
             merge_sort_std_parallel :   11.880     7.200     5.202     4.364     4.319     4.038     4.020     4.046 
                   mctop_sort_no_sse :    7.059     4.594     3.934     3.565     3.638     3.559     3.525     3.610 
       mctop_sort_no_sse_all_sockets :    6.814     4.488     3.850     3.526     3.534     3.471     3.398     3.463 
mctop_sort_no_sse_no_smt_all_sockets :    6.846     5.122     4.739     4.463     4.481     4.470     4.457     4.493 


 ======================================================================================================== 
 ===============================================  8192 MB =============================================== 
 ======================================================================================================== 
                             threads : 32        64        96        128       160       192       224       256      
 --------------------------------------------- ALLOCATOR: 3 --------------------------------------------- 
             merge_sort_std_parallel :   24.219    13.815    10.211     8.264     7.771     7.325     7.444     7.292 
                   mctop_sort_no_sse :   23.463    21.135    11.960    11.081     0.000     0.000     7.099     6.948 
       mctop_sort_no_sse_all_sockets :   23.459    21.158    11.968    11.149     0.000     0.000     6.966     6.711 
mctop_sort_no_sse_no_smt_all_sockets :   29.989    29.422    15.528    15.499     0.000     0.000     8.867     8.901 
 --------------------------------------------- ALLOCATOR: 4 --------------------------------------------- 
             merge_sort_std_parallel :   24.293    13.906    10.077     8.229     7.781     7.430     7.309     7.159 
                   mctop_sort_no_sse :   14.461     9.329     7.863     7.096     7.136     6.898     6.737     6.895 
       mctop_sort_no_sse_all_sockets :   13.983     9.042     7.691     6.875     6.981     6.704     6.579     6.777 
mctop_sort_no_sse_no_smt_all_sockets :   13.959    10.229     9.467     8.843     9.006     8.918     8.783     8.998 
 --------------------------------------------- ALLOCATOR: 7 --------------------------------------------- 
             merge_sort_std_parallel :   24.359    13.923    10.236     8.158     7.657     7.308     7.124     7.158 
                   mctop_sort_no_sse :   14.415    14.432    14.494    14.530    14.428    14.414    14.507    14.473 
       mctop_sort_no_sse_all_sockets :   13.970    14.066    13.972    14.000    13.962    13.991    13.984    13.937 
mctop_sort_no_sse_no_smt_all_sockets :   13.987    14.014    13.937    13.979    14.008    13.950    13.976    13.972 
 --------------------------------------------- ALLOCATOR: 9 --------------------------------------------- 
             merge_sort_std_parallel :   24.257    13.861    10.040     8.219     7.669     7.352     7.254     7.173 
                   mctop_sort_no_sse :   14.534     9.242     7.897     7.101     7.137     6.925     6.729     6.805 
       mctop_sort_no_sse_all_sockets :   14.081     9.057     7.819     6.891     6.968     6.714     6.519     6.565 
mctop_sort_no_sse_no_smt_all_sockets :   13.948    10.203     9.592     8.861     9.063     8.891     8.797     8.898 
