

 ======================================================================================================== 
 ===============================================     1 MB =============================================== 
 ======================================================================================================== 
                      threads:       32       64       96      128      160      192      224      256
 --------------------------------------------- ALLOCATOR: 3 --------------------------------------------- 
      merge_sort_std_parallel:    0.022     0.038     0.071     0.087     0.118     0.151     0.203     0.216 
            mctop_sort_no_sse:    0.027     0.027     0.051     0.054     0.000     0.000     0.053     0.027 
mctop_sort_no_sse_all_sockets:    0.027     0.030     0.054     0.027     0.000     0.000     0.027     0.027 
 --------------------------------------------- ALLOCATOR: 4 --------------------------------------------- 
      merge_sort_std_parallel:    0.020     0.049     0.078     0.097     0.130     0.157     0.197     0.228 
            mctop_sort_no_sse:    0.027     0.027     0.027     0.053     0.027     0.027     0.027     0.027 
mctop_sort_no_sse_all_sockets:    0.027     0.027     0.027     0.027     0.027     0.027     0.027     0.027 
 --------------------------------------------- ALLOCATOR: 7 --------------------------------------------- 
      merge_sort_std_parallel:    0.024     0.051     0.071     0.106     0.142     0.150     0.184     0.215 
            mctop_sort_no_sse:    0.027     0.027     0.054     0.054     0.055     0.027     0.027     0.027 
mctop_sort_no_sse_all_sockets:    0.053     0.053     0.027     0.027     0.054     0.027     0.027     0.027 
 --------------------------------------------- ALLOCATOR: 9 --------------------------------------------- 
      merge_sort_std_parallel:    0.022     0.047     0.074     0.098     0.133     0.161     0.191     0.217 
            mctop_sort_no_sse:    0.027     0.056     0.054     0.027     0.027     0.028     0.027     0.027 
mctop_sort_no_sse_all_sockets:    0.027     0.027     0.054     0.027     0.027     0.027     0.027     0.027 


 ======================================================================================================== 
 ===============================================     2 MB =============================================== 
 ======================================================================================================== 
                      threads:       32       64       96      128      160      192      224      256
 --------------------------------------------- ALLOCATOR: 3 --------------------------------------------- 
      merge_sort_std_parallel:    0.033     0.063     0.093     0.114     0.141     0.170     0.203     0.305 
            mctop_sort_no_sse:    0.114     0.057     0.057     0.062     0.000     0.000     0.057     0.057 
mctop_sort_no_sse_all_sockets:    0.057     0.062     0.057     0.077     0.000     0.000     0.057     0.057 
 --------------------------------------------- ALLOCATOR: 4 --------------------------------------------- 
      merge_sort_std_parallel:    0.041 