./bin/diassrv8/kmeans -- 10 16 5000000 40 --
Alloc policy                        10                     20                     30                     40                     80                     120                    160                   
MCTOP_ALLOC_NONE                    7334   0.00   0.00     2842   0.00   0.00     4650   0.00   0.00     2644   0.00   0.00     2305   0.00   0.00     2600   0.00   0.00     2633   0.00   0.00    
MCTOP_ALLOC_SEQUENTIAL              2383   0.00   0.00     3670   0.00   0.00     4086   0.00   0.00     2260   0.00   0.00     1359   0.00   0.00     2426   0.00   0.00     1748   0.00   0.00    
MCTOP_ALLOC_MIN_LAT_HWCS            3207   0.00   0.00     1971   0.00   0.00     2814   0.00   0.00     1255   0.00   0.00     1663   0.00   0.00     1691   0.00   0.00     2385   0.00   0.00    
MCTOP_ALLOC_MIN_LAT_CORES           2369   0.00   0.00     2120   0.00   0.00     2185   0.00   0.00     2347   0.00   0.00     2802   0.00   0.00     2266   0.00   0.00     1728   0.00   0.00    
MCTOP_ALLOC_BW_ROUND_ROBIN_HWCS     5567   0.00   0.00     4351   0.00   0.00     3897   0.00   0.00     2762   0.00   0.00     1886   0.00   0.00     2308   0.00   0.00     2069   0.00   0.00    
MCTOP_ALLOC_BW_ROUND_ROBIN_CORES    5149   0.00   0.00     5092   0.00   0.00     2807   0.00   0.00     5515   0.00   0.00     2972   0.00   0.00     2520   0.00   0.00     2115   0.00   0.00    
./bin/diassrv8/kmeans -- VS. seq
MCTOP_ALLOC_NONE                    3.078  0.000  0.000    0.774  0.000  0.000    1.138  0.000  0.000    1.170  0.000  0.000    1.696  0.000  0.000    1.072  0.000  0.000    1.506  0.000  0.000   
MCTOP_ALLOC_SEQUENTIAL              1.000  0.000  0.000    1.000  0.000  0.000    1.000  0.000  0.000    1.000  0.000  0.000    1.000  0.000  0.000    1.000  0.000  0.000    1.000  0.000  0.000   
MCTOP_ALLOC_MIN_LAT_HWCS            1.346  0.000  0.000    0.537  0.000  0.000    0.689  0.000  0.000    0.555  0.000  0.000    1.224  0.000  0.000    0.697  0.000  0.000    1.364  0.000  0.000   
MCTOP_ALLOC_MIN_LAT_CORES           0.994  0.000  0.000    0.578  0.000  0.000    0.535  0.000  0.000    1.038  0.000  0.000    2.062  0.000  0.000    0.934  0.000  0.000    0.989  0.000  0.000   
MCTOP_ALLOC_BW_ROUND_ROBIN_HWCS     2.336  0.000  0.000    1.186  0.000  0.000    0.954  0.000  0.000    1.222  0.000  0.000    1.388  0.000  0.000    0.951  0.000  0.000    1.184  0.000  0.000   
MCTOP_ALLOC_BW_ROUND_ROBIN_CORES    2.161  0.000  0.000    1.387  0.000  0.000    0.687  0.000  0.000    2.440  0.000  0.000    2.187  0.000  0.000    1.039  0.000  0.000    1.210  0.000  0.000   
./bin/diassrv8/kmeans -- VS. best time
MCTOP_ALLOC_NONE                    5.844  0.000  0.000    2.265  0.000  0.000    3.705  0.000  0.000    2.107  0.000  0.000    1.837  0.000  0.000    2.072  0.000  0.000    2.098  0.000  0.000   
MCTOP_ALLOC_SEQUENTIAL              1.899  0.000  0.000    2.924  0.000  0.000    3.256  0.000  0.000    1.801  0.000  0.000    1.083  0.000  0.000    1.933  0.000  0.000    1.393  0.000  0.000   
MCTOP_ALLOC_MIN_LAT_HWCS            2.555  0.000  0.000    1.571  0.000  0.000    2.242  0.000  0.000    1.000  0.000  0.000    1.325  0.000  0.000    1.347  0.000  0.000    1.900  0.000  0.000   
MCTOP_ALLOC_MIN_LAT_CORES           1.888  0.000  0.000    1.689  0.000  0.000    1.741  0.000  0.000    1.870  0.000  0.000    2.233  0.000  0.000    1.806  0.000  0.000    1.377  0.000  0.000   
MCTOP_ALLOC_BW_ROUND_ROBIN_HWCS     4.436  0.000  0.000    3.467  0.000  0.000    3.105  0.000  0.000    2.201  0.000  0.000    1.503  0.000  0.000    1.839  0.000  0.000    1.649  0.000  0.000   
MCTOP_ALLOC_BW_ROUND_ROBIN_CORES    4.103  0.000  0.000    4.057  0.000  0.000    2.237  0.000  0.000    4.394  0.000  0.000    2.368  0.000  0.000    2.008  0.000  0.000    1.685  0.000  0.000   
./bin/diassrv8/kmeans -- 10 32 50000000 80 --
Alloc policy                        10                     20                     30                     40                     80                     120                    160                   
MCTOP_ALLOC_NONE                    83301  0.00   0.00     63873  0.00   0.00     56218  0.00   0.00     61173  0.00   0.00     29261  0.00   0.00     26836  0.00   0.00     23530  0.00   0.00    
MCTOP_ALLOC_SEQUENTIAL              42316  0.00   0.00     50811  0.00   0.00     46973  0.00   0.00     48157  0.00   0.00     16976  0.00   0.00     25432  0.00   0.00     22312  0.00   0.00    
MCTOP_ALLOC_MIN_LAT_HWCS            51472  0.00   0.00     31561  0.00   0.00     16819  0.00   0.00     13388  0.00   0.00     16437  0.00   0.00     20663  0.00   0.00     22484  0.00   0.00    
MCTOP_ALLOC_MIN_LAT_CORES           37099  0.00   0.00     49074  0.00   0.00     50610  0.00   0.00     26139  0.00   0.00     29619  0.00   0.00     26415  0.00   0.00     22331  0.00   0.00    
MCTOP_ALLOC_BW_ROUND_ROBIN_HWCS     80221  0.00   0.00     46897  0.00   0.00     41741  0.00   0.00     46163  0.00   0.00     20077  0.00   0.00     21693  0.00   0.00     22542  0.00   0.00    
MCTOP_ALLOC_BW_ROUND_ROBIN_CORES    88289  0.00   0.00     65853  0.00   0.00     57053  0.00   0.00     60176  0.00   0.00     29284  0.00   0.00     23186  0.00   0.00     45896  0.00   0.00    
./bin/diassrv8/kmeans -- VS. seq
MCTOP_ALLOC_NONE                    1.969  0.000  0.000    1.257  0.000  0.000    1.197  0.000  0.000    1.270  0.000  0.000    1.724  0.000  0.000    1.055  0.000  0.000    1.055  0.000  0.000   
MCTOP_ALLOC_SEQUENTIAL              1.000  0.000  0.000    1.000  0.000  0.000    1.000  0.000  0.000    1.000  0.000  0.000    1.000  0.000  0.000    1.000  0.000  0.000    1.000  0.000  0.000   
MCTOP_ALLOC_MIN_LAT_HWCS            1.216  0.000  0.000    0.621  0.000  0.000    0.358  0.000  0.000    0.278  0.000  0.000    0.968  0.000  0.000    0.812  0.000  0.000    1.008  0.000  0.000   
MCTOP_ALLOC_MIN_LAT_CORES           0.877  0.000  0.000    0.966  0.000  0.000    1.077  0.000  0.000    0.543  0.000  0.000    1.745  0.000  0.000    1.039  0.000  0.000    1.001  0.000  0.000   
MCTOP_ALLOC_BW_ROUND_ROBIN_HWCS     1.896  0.000  0.000    0.923  0.000  0.000    0.889  0.000  0.000    0.959  0.000  0.000    1.183  0.000  0.000    0.853  0.000  0.000    1.010  0.000  0.000   
MCTOP_ALLOC_BW_ROUND_ROBIN_CORES    2.086  0.000  0.000    1.296  0.000  0.000    1.215  0.000  0.000    1.250  0.000  0.000    1.725  0.000  0.000    0.912  0.000  0.000    2.057  0.000  0.000   
./bin/diassrv8/kmeans -- VS. best time
MCTOP_ALLOC_NONE                    6.222  0.000  0.000    4.771  0.000  0.000    4.199  0.000  0.000    4.569  0.000  0.000    2.186  0.000  0.000    2.004  0.000  0.000    1.758  0.000  0.000   
MCTOP_ALLOC_SEQUENTIAL              3.161  0.000  0.000    3.795  0.000  0.000    3.509  0.000  0.000    3.597  0.000  0.000    1.268  0.000  0.000    1.900  0.000  0.000    1.667  0.000  0.000   
MCTOP_ALLOC_MIN_LAT_HWCS            3.845  0.000  0.000    2.357  0.000  0.000    1.256  0.000  0.000    1.000  0.000  0.000    1.228  0.000  0.000    1.543  0.000  0.000    1.679  0.000  0.000   
MCTOP_ALLOC_MIN_LAT_CORES           2.771  0.000  0.000    3.666  0.000  0.000    3.780  0.000  0.000    1.952  0.000  0.000    2.212  0.000  0.000    1.973  0.000  0.000    1.668  0.000  0.000   
MCTOP_ALLOC_BW_ROUND_ROBIN_HWCS     5.992  0.000  0.000    3.503  0.000  0.000    3.118  0.000  0.000    3.448  0.000  0.000    1.500  0.000  0.000    1.620  0.000  0.000    1.684  0.000  0.000   
MCTOP_ALLOC_BW_ROUND_ROBIN_CORES    6.595  0.000  0.000    4.919  0.000  0.000    4.262  0.000  0.000    4.495  0.000  0.000    2.187  0.000  0.000    1.732  0.000  0.000    3.428  0.000  0.000   
./bin/diassrv8/mean -- -N10240000000 --
Alloc policy                        10                     20                     30                     40                     80                     120                    160                   
MCTOP_ALLOC_NONE                    10476  0.00   0.00     4557   0.00   0.00     9201   0.00   0.00     10489  0.00   0.00     5202   0.00   0.00     5361   0.00   0.00     5291   0.00   0.00    
MCTOP_ALLOC_SEQUENTIAL              9562   0.00   0.00     6532   0.00   0.00     5617   0.00   0.00     5340   0.00   0.00     4670   0.00   0.00     5553   0.00   0.00     5394   0.00   0.00    
MCTOP_ALLOC_MIN_LAT_HWCS            20944  0.00   0.00     19794  0.00   0.00     5936   0.00   0.00     6047   0.00   0.00     4654   0.00   0.00     4740   0.00   0.00     5261   0.00   0.00    
MCTOP_ALLOC_MIN_LAT_CORES           20200  0.00   0.00     5997   0.00   0.00     4792   0.00   0.00     4560   0.00   0.00     4948   0.00   0.00     5152   0.00   0.00     5263   0.00   0.00    
MCTOP_ALLOC_BW_ROUND_ROBIN_HWCS     5455   0.00   0.00     4334   0.00   0.00     4286   0.00   0.00     4376   0.00   0.00     4605   0.00   0.00     5104   0.00   0.00     5259   0.00   0.00    
MCTOP_ALLOC_BW_ROUND_ROBIN_CORES    5171   0.00   0.00     4276   0.00   0.00     4368   0.00   0.00     4405   0.00   0.00     4947   0.00   0.00     5218   0.00   0.00     5262   0.00   0.00    
./bin/diassrv8/mean -- VS. seq
MCTOP_ALLOC_NONE                    1.096  0.000  0.000    0.698  0.000  0.000    1.638  0.000  0.000    1.964  0.000  0.000    1.114  0.000  0.000    0.965  0.000  0.000    0.981  0.000  0.000   
MCTOP_ALLOC_SEQUENTIAL              1.000  0.000  0.000    1.000  0.000  0.000    1.000  0.000  0.000    1.000  0.000  0.000    1.000  0.000  0.000    1.000  0.000  0.000    1.000  0.000  0.000   
MCTOP_ALLOC_MIN_LAT_HWCS            2.190  0.000  0.000    3.030  0.000  0.000    1.057  0.000  0.000    1.132  0.000  0.000    0.997  0.000  0.000    0.854  0.000  0.000    0.975  0.000  0.000   
MCTOP_ALLOC_MIN_LAT_CORES           2.113  0.000  0.000    0.918  0.000  0.000    0.853  0.000  0.000    0.854  0.000  0.000    1.060  0.000  0.000    0.928  0.000  0.000    0.976  0.000  0.000   
MCTOP_ALLOC_BW_ROUND_ROBIN_HWCS     0.570  0.000  0.000    0.664  0.000  0.000    0.763  0.000  0.000    0.819  0.000  0.000    0.986  0.000  0.000    0.919  0.000  0.000    0.975  0.000  0.000   
MCTOP_ALLOC_BW_ROUND_ROBIN_CORES    0.541  0.000  0.000    0.655  0.000  0.000    0.778  0.000  0.000    0.825  0.000  0.000    1.059  0.000  0.000    0.940  0.000  0.000    0.976  0.000  0.000   
./bin/diassrv8/mean -- VS. best time
MCTOP_ALLOC_NONE                    2.450  0.000  0.000    1.066  0.000  0.000    2.152  0.000  0.000    2.453  0.000  0.000    1.217  0.000  0.000    1.254  0.000  0.000    1.237  0.000  0.000   
MCTOP_ALLOC_SEQUENTIAL              2.236  0.000  0.000    1.528  0.000  0.000    1.314  0.000  0.000    1.249  0.000  0.000    1.092  0.000  0.000    1.299  0.000  0.000    1.261  0.000  0.000   
MCTOP_ALLOC_MIN_LAT_HWCS            4.898  0.000  0.000    4.629  0.000  0.000    1.388  0.000  0.000    1.414  0.000  0.000    1.088  0.000  0.000    1.109  0.000  0.000    1.230  0.000  0.000   
MCTOP_ALLOC_MIN_LAT_CORES           4.724  0.000  0.000    1.402  0.000  0.000    1.121  0.000  0.000    1.066  0.000  0.000    1.157  0.000  0.000    1.205  0.000  0.000    1.231  0.000  0.000   
MCTOP_ALLOC_BW_ROUND_ROBIN_HWCS     1.276  0.000  0.000    1.014  0.000  0.000    1.002  0.000  0.000    1.023  0.000  0.000    1.077  0.000  0.000    1.194  0.000  0.000    1.230  0.000  0.000   
MCTOP_ALLOC_BW_ROUND_ROBIN_CORES    1.209  0.000  0.000    1.000  0.000  0.000    1.022  0.000  0.000    1.030  0.000  0.000    1.157  0.000  0.000    1.220  0.000  0.000    1.231  0.000  0.000   
./bin/diassrv8/pca -- -R 2048 -C 2048 --
Alloc policy                        10                     20                     30                     40                     80                     120                    160                   
MCTOP_ALLOC_NONE                    10024  0.00   0.00     4918   0.00   0.00     13497  0.00   0.00     10642  0.00   0.00     23275  0.00   0.00     30126  0.00   0.00     0      0.00   0.00    
MCTOP_ALLOC_SEQUENTIAL              3910   0.00   0.00     4341   0.00   0.00     6501   0.00   0.00     15562  0.00   0.00     22526  0.00   0.00     29027  0.00   0.00     0      0.00   0.00    
MCTOP_ALLOC_MIN_LAT_HWCS            6006   0.00   0.00     6144   0.00   0.00     3821   0.00   0.00     5551   0.00   0.00     22623  0.00   0.00     29445  0.00   0.00     0      0.00   0.00    
MCTOP_ALLOC_MIN_LAT_CORES           5469   0.00   0.00     4321   0.00   0.00     7194   0.00   0.00     19917  0.00   0.00     25473  0.00   0.00     30327  0.00   0.00     0      0.00   0.00    
MCTOP_ALLOC_BW_ROUND_ROBIN_HWCS     5141   0.00   0.00     4927   0.00   0.00     5564   0.00   0.00     10208  0.00   0.00     23368  0.00   0.00     29478  0.00   0.00     0      0.00   0.00    
MCTOP_ALLOC_BW_ROUND_ROBIN_CORES    4830   0.00   0.00     4993   0.00   0.00     8463   0.00   0.00     20690  0.00   0.00     25855  0.00   0.00     30587  0.00   0.00     0      0.00   0.00    
./bin/diassrv8/pca -- VS. seq
MCTOP_ALLOC_NONE                    2.309  0.000  0.000    0.756  0.000  0.000    0.867  0.000  0.000    0.472  0.000  0.000    0.802  0.000  0.000    5.016  0.000  0.000    0.636  0.000  0.000   
MCTOP_ALLOC_SEQUENTIAL              1.000  0.000  0.000    1.000  0.000  0.000    1.000  0.000  0.000    1.000  0.000  0.000    1.000  0.000  0.000    1.000  0.000  0.000    1.000  0.000  0.000   
MCTOP_ALLOC_MIN_LAT_HWCS            0.880  0.000  0.000    0.854  0.000  0.000    1.454  0.000  0.000    1.307  0.000  0.000    0.188  0.000  0.000    0.719  0.000  0.000    1.171  0.000  0.000   
MCTOP_ALLOC_MIN_LAT_CORES           4.588  0.000  0.000    3.918  0.000  0.000    1.949  0.000  0.000    0.228  0.000  0.000    0.170  0.000  0.000    0.926  0.000  0.000    1.661  0.000  0.000   
MCTOP_ALLOC_BW_ROUND_ROBIN_HWCS     5.383  0.000  0.000    4.534  0.000  0.000    0.310  0.000  0.000    0.222  0.000  0.000    0.292  0.000  0.000    3.445  0.000  0.000    4.208  0.000  0.000   
MCTOP_ALLOC_BW_ROUND_ROBIN_CORES    7.046  0.000  0.000   (standard_in) 1: syntax error
 0.000  0.000  0.000   (standard_in) 1: syntax error
./scripts/aux.sh: line 16: [: -eq: unary operator expected
(standard_in) 1: syntax error
 0.000  0.000  0.000   (standard_in) 1: syntax error
./scripts/aux.sh: line 16: [: -eq: unary operator expected
(standard_in) 1: syntax error
 0.000  0.000  0.000   (standard_in) 1: syntax error
./scripts/aux.sh: line 16: [: -eq: unary operator expected
(standard_in) 1: syntax error
 0.000  0.000  0.000   (standard_in) 1: syntax error
./scripts/aux.sh: line 16: [: -eq: unary operator expected
(standard_in) 1: syntax error
 0.000  0.000  0.000   (standard_in) 1: syntax error
./scripts/aux.sh: line 16: [: -eq: unary operator expected
(standard_in) 1: syntax error
 0.000  0.000  0.000   (standard_in) 1: syntax error
./scripts/aux.sh: line 16: [: -eq: unary operator expected

./bin/diassrv8/pca -- VS. best time
MCTOP_ALLOC_NONE                    2.623  0.000  0.000    1.287  0.000  0.000    3.532  0.000  0.000    2.785  0.000  0.000    6.091  0.000  0.000    7.884  0.000  0.000    1.023  0.000  0.000   
MCTOP_ALLOC_SEQUENTIAL              1.136  0.000  0.000    1.701  0.000  0.000    4.073  0.000  0.000    5.895  0.000  0.000    7.597  0.000  0.000    1.572  0.000  0.000    1.608  0.000  0.000   
MCTOP_ALLOC_MIN_LAT_HWCS            1.000  0.000  0.000    1.453  0.000  0.000    5.921  0.000  0.000    7.706  0.000  0.000    1.431  0.000  0.000    1.131  0.000  0.000    1.883  0.000  0.000   
MCTOP_ALLOC_MIN_LAT_CORES           5.213  0.000  0.000    6.667  0.000  0.000    7.937  0.000  0.000    1.345  0.000  0.000    1.289  0.000  0.000    1.456  0.000  0.000    2.672  0.000  0.000   
MCTOP_ALLOC_BW_ROUND_ROBIN_HWCS     6.116  0.000  0.000    7.715  0.000  0.000    1.264  0.000  0.000    1.307  0.000  0.000    2.215  0.000  0.000    5.415  0.000  0.000    6.767  0.000  0.000   
MCTOP_ALLOC_BW_ROUND_ROBIN_CORES    8.005  0.000  0.000   (standard_in) 1: syntax error
 0.000  0.000  0.000   (standard_in) 1: syntax error
 0.000  0.000  0.000   (standard_in) 1: syntax error
 0.000  0.000  0.000   (standard_in) 1: syntax error
 0.000  0.000  0.000   (standard_in) 1: syntax error
 0.000  0.000  0.000   (standard_in) 1: syntax error
 0.000  0.000  0.000   
./bin/diassrv8/pca -- -R 8192 -C 8192 --
Alloc policy                        10                     20                     30                     40                     80                     120                    160                   
MCTOP_ALLOC_NONE                    140160 0.00   0.00     102275 0.00   0.00     112384 0.00   0.00     145350 0.00   0.00     566746 0.00   0.00     577214 0.00   0.00     304473 0.00   0.00    
MCTOP_ALLOC_SEQUENTIAL              104843 0.00   0.00     92119  0.00   0.00     101907 0.00   0.00     143440 0.00   0.00     318362 0.00   0.00     386057 0.00   0.00     392740 0.00   0.00    
MCTOP_ALLOC_MIN_LAT_HWCS            197005 0.00   0.00     196298 0.00   0.00     82969  0.00   0.00     95327  0.00   0.00     306028 0.00   0.00     378748 0.00   0.00     391596 0.00   0.00    
MCTOP_ALLOC_MIN_LAT_CORES           166788 0.00   0.00     94388  0.00   0.00     104898 0.00   0.00     195109 0.00   0.00     406651 0.00   0.00     390109 0.00   0.00     397547 0.00   0.00    
MCTOP_ALLOC_BW_ROUND_ROBIN_HWCS     143499 0.00   0.00     111631 0.00   0.00     104859 0.00   0.00     129555 0.00   0.00     341167 0.00   0.00     389620 0.00   0.00     393511 0.00   0.00    
MCTOP_ALLOC_BW_ROUND_ROBIN_CORES    139543 0.00   0.00     103697 0.00   0.00     114787 0.00   0.00     181878 0.00   0.00     405132 0.00   0.00     381945 0.00   0.00     388246 0.00   0.00    
./bin/diassrv8/pca -- VS. seq
MCTOP_ALLOC_NONE                    1.337  0.000  0.000    1.110  0.000  0.000    1.103  0.000  0.000    1.013  0.000  0.000    1.780  0.000  0.000    1.495  0.000  0.000    0.775  0.000  0.000   
MCTOP_ALLOC_SEQUENTIAL              1.000  0.000  0.000    1.000  0.000  0.000    1.000  0.000  0.000    1.000  0.000  0.000    1.000  0.000  0.000    1.000  0.000  0.000    1.000  0.000  0.000   
MCTOP_ALLOC_MIN_LAT_HWCS            1.879  0.000  0.000    2.131  0.000  0.000    0.814  0.000  0.000    0.665  0.000  0.000    0.961  0.000  0.000    0.981  0.000  0.000    0.997  0.000  0.000   
MCTOP_ALLOC_MIN_LAT_CORES           1.591  0.000  0.000    1.025  0.000  0.000    1.029  0.000  0.000    1.360  0.000  0.000    1.277  0.000  0.000    1.010  0.000  0.000    1.012  0.000  0.000   
MCTOP_ALLOC_BW_ROUND_ROBIN_HWCS     1.369  0.000  0.000    1.212  0.000  0.000    1.029  0.000  0.000    0.903  0.000  0.000    1.072  0.000  0.000    1.009  0.000  0.000    1.002  0.000  0.000   
MCTOP_ALLOC_BW_ROUND_ROBIN_CORES    1.331  0.000  0.000    1.126  0.000  0.000    1.126  0.000  0.000    1.268  0.000  0.000    1.273  0.000  0.000    0.989  0.000  0.000    0.989  0.000  0.000   
./bin/diassrv8/pca -- VS. best time
MCTOP_ALLOC_NONE                    1.689  0.000  0.000    1.233  0.000  0.000    1.355  0.000  0.000    1.752  0.000  0.000    6.831  0.000  0.000    6.957  0.000  0.000    3.670  0.000  0.000   
MCTOP_ALLOC_SEQUENTIAL              1.264  0.000  0.000    1.110  0.000  0.000    1.228  0.000  0.000    1.729  0.000  0.000    3.837  0.000  0.000    4.653  0.000  0.000    4.734  0.000  0.000   
MCTOP_ALLOC_MIN_LAT_HWCS            2.374  0.000  0.000    2.366  0.000  0.000    1.000  0.000  0.000    1.149  0.000  0.000    3.688  0.000  0.000    4.565  0.000  0.000    4.720  0.000  0.000   
MCTOP_ALLOC_MIN_LAT_CORES           2.010  0.000  0.000    1.138  0.000  0.000    1.264  0.000  0.000    2.352  0.000  0.000    4.901  0.000  0.000    4.702  0.000  0.000    4.792  0.000  0.000   
MCTOP_ALLOC_BW_ROUND_ROBIN_HWCS     1.730  0.000  0.000    1.345  0.000  0.000    1.264  0.000  0.000    1.561  0.000  0.000    4.112  0.000  0.000    4.696  0.000  0.000    4.743  0.000  0.000   
MCTOP_ALLOC_BW_ROUND_ROBIN_CORES    1.682  0.000  0.000    1.250  0.000  0.000    1.383  0.000  0.000    2.192  0.000  0.000    4.883  0.000  0.000    4.603  0.000  0.000    4.679  0.000  0.000   
./bin/diassrv8/wc -- data/wc/300MB_1M_Keys.txt --
Alloc policy                        10                     20                     30                     40                     80                     120                    160                   
MCTOP_ALLOC_NONE                    20878  0.00   0.00     20548  0.00   0.00     32814  0.00   0.00     57988  0.00   0.00     322718 0.00   0.00     399339 0.00   0.00     226070 0.00   0.00    
MCTOP_ALLOC_SEQUENTIAL              14704  0.00   0.00     19175  0.00   0.00     31976  0.00   0.00     73635  0.00   0.00     178055 0.00   0.00     219292 0.00   0.00     236704 0.00   0.00    
MCTOP_ALLOC_MIN_LAT_HWCS            34428  0.00   0.00     37060  0.00   0.00     24542  0.00   0.00     34761  0.00   0.00     183203 0.00   0.00     213295 0.00   0.00     237127 0.00   0.00    
MCTOP_ALLOC_MIN_LAT_CORES           30519  0.00   0.00     19107  0.00   0.00     32702  0.00   0.00     127760 0.00   0.00     209833 0.00   0.00     220976 0.00   0.00     237401 0.00   0.00    
MCTOP_ALLOC_BW_ROUND_ROBIN_HWCS     14758  0.00   0.00     20930  0.00   0.00     27024  0.00   0.00     44930  0.00   0.00     186943 0.00   0.00     213112 0.00   0.00     239180 0.00   0.00    
MCTOP_ALLOC_BW_ROUND_ROBIN_CORES    14305  0.00   0.00     19530  0.00   0.00     36108  0.00   0.00     135689 0.00   0.00     207192 0.00   0.00     215774 0.00   0.00     235281 0.00   0.00    
./bin/diassrv8/wc -- VS. seq
MCTOP_ALLOC_NONE                    1.420  0.000  0.000    1.072  0.000  0.000    1.026  0.000  0.000    0.788  0.000  0.000    1.812  0.000  0.000    1.821  0.000  0.000    0.955  0.000  0.000   
MCTOP_ALLOC_SEQUENTIAL              1.000  0.000  0.000    1.000  0.000  0.000    1.000  0.000  0.000    1.000  0.000  0.000    1.000  0.000  0.000    1.000  0.000  0.000    1.000  0.000  0.000   
MCTOP_ALLOC_MIN_LAT_HWCS            2.341  0.000  0.000    1.933  0.000  0.000    0.768  0.000  0.000    0.472  0.000  0.000    1.029  0.000  0.000    0.973  0.000  0.000    1.002  0.000  0.000   
MCTOP_ALLOC_MIN_LAT_CORES           2.076  0.000  0.000    0.996  0.000  0.000    1.023  0.000  0.000    1.735  0.000  0.000    1.178  0.000  0.000    1.008  0.000  0.000    1.003  0.000  0.000   
MCTOP_ALLOC_BW_ROUND_ROBIN_HWCS     1.004  0.000  0.000    1.092  0.000  0.000    0.845  0.000  0.000    0.610  0.000  0.000    1.050  0.000  0.000    0.972  0.000  0.000    1.010  0.000  0.000   
MCTOP_ALLOC_BW_ROUND_ROBIN_CORES    0.973  0.000  0.000    1.019  0.000  0.000    1.129  0.000  0.000    1.843  0.000  0.000    1.164  0.000  0.000    0.984  0.000  0.000    0.994  0.000  0.000   
./bin/diassrv8/wc -- VS. best time
MCTOP_ALLOC_NONE                    1.459  0.000  0.000    1.436  0.000  0.000    2.294  0.000  0.000    4.054  0.000  0.000    22.560 0.000  0.000    27.916 0.000  0.000    15.804 0.000  0.000   
MCTOP_ALLOC_SEQUENTIAL              1.028  0.000  0.000    1.340  0.000  0.000    2.235  0.000  0.000    5.148  0.000  0.000    12.447 0.000  0.000    15.330 0.000  0.000    16.547 0.000  0.000   
MCTOP_ALLOC_MIN_LAT_HWCS            2.407  0.000  0.000    2.591  0.000  0.000    1.716  0.000  0.000    2.430  0.000  0.000    12.807 0.000  0.000    14.911 0.000  0.000    16.577 0.000  0.000   
MCTOP_ALLOC_MIN_LAT_CORES           2.133  0.000  0.000    1.336  0.000  0.000    2.286  0.000  0.000    8.931  0.000  0.000    14.669 0.000  0.000    15.447 0.000  0.000    16.596 0.000  0.000   
MCTOP_ALLOC_BW_ROUND_ROBIN_HWCS     1.032  0.000  0.000    1.463  0.000  0.000    1.889  0.000  0.000    3.141  0.000  0.000    13.068 0.000  0.000    14.898 0.000  0.000    16.720 0.000  0.000   
MCTOP_ALLOC_BW_ROUND_ROBIN_CORES    1.000  0.000  0.000    1.365  0.000  0.000    2.524  0.000  0.000    9.485  0.000  0.000    14.484 0.000  0.000    15.084 0.000  0.000    16.447 0.000  0.000   
./bin/diassrv8/wc -- data/wc/100MB.txt --
Alloc policy                        10                     20                     30                     40                     80                     120                    160                   
MCTOP_ALLOC_NONE                    6864   0.00   0.00     7597   0.00   0.00     25688  0.00   0.00     45039  0.00   0.00     109525 0.00   0.00     58062  0.00   0.00     64454  0.00   0.00    
MCTOP_ALLOC_SEQUENTIAL              4531   0.00   0.00     7366   0.00   0.00     11839  0.00   0.00     29830  0.00   0.00     51518  0.00   0.00     58820  0.00   0.00     62573  0.00   0.00    
MCTOP_ALLOC_MIN_LAT_HWCS            10521  0.00   0.00     14239  0.00   0.00     8392   0.00   0.00     12414  0.00   0.00     48851  0.00   0.00     57430  0.00   0.00     62686  0.00   0.00    
MCTOP_ALLOC_MIN_LAT_CORES           9494   0.00   0.00     7445   0.00   0.00     12430  0.00   0.00     45773  0.00   0.00     56952  0.00   0.00     59847  0.00   0.00     64488  0.00   0.00    
MCTOP_ALLOC_BW_ROUND_ROBIN_HWCS     6594   0.00   0.00     7823   0.00   0.00     9562   0.00   0.00     16707  0.00   0.00     51994  0.00   0.00     56802  0.00   0.00     62087  0.00   0.00    
MCTOP_ALLOC_BW_ROUND_ROBIN_CORES    5574   0.00   0.00     8398   0.00   0.00     15158  0.00   0.00     47428  0.00   0.00     55902  0.00   0.00     57699  0.00   0.00     64334  0.00   0.00    
./bin/diassrv8/wc -- VS. seq
MCTOP_ALLOC_NONE                    1.515  0.000  0.000    1.031  0.000  0.000    2.170  0.000  0.000    1.510  0.000  0.000    2.126  0.000  0.000    0.987  0.000  0.000    1.030  0.000  0.000   
MCTOP_ALLOC_SEQUENTIAL              1.000  0.000  0.000    1.000  0.000  0.000    1.000  0.000  0.000    1.000  0.000  0.000    1.000  0.000  0.000    1.000  0.000  0.000    1.000  0.000  0.000   
MCTOP_ALLOC_MIN_LAT_HWCS            2.322  0.000  0.000    1.933  0.000  0.000    0.709  0.000  0.000    0.416  0.000  0.000    0.948  0.000  0.000    0.976  0.000  0.000    1.002  0.000  0.000   
MCTOP_ALLOC_MIN_LAT_CORES           2.095  0.000  0.000    1.011  0.000  0.000    1.050  0.000  0.000    1.534  0.000  0.000    1.105  0.000  0.000    1.017  0.000  0.000    1.031  0.000  0.000   
MCTOP_ALLOC_BW_ROUND_ROBIN_HWCS     1.455  0.000  0.000    1.062  0.000  0.000    0.808  0.000  0.000    0.560  0.000  0.000    1.009  0.000  0.000    0.966  0.000  0.000    0.992  0.000  0.000   
MCTOP_ALLOC_BW_ROUND_ROBIN_CORES    1.230  0.000  0.000    1.140  0.000  0.000    1.280  0.000  0.000    1.590  0.000  0.000    1.085  0.000  0.000    0.981  0.000  0.000    1.028  0.000  0.000   
./bin/diassrv8/wc -- VS. best time
MCTOP_ALLOC_NONE                    1.515  0.000  0.000    1.677  0.000  0.000    5.669  0.000  0.000    9.940  0.000  0.000    24.172 0.000  0.000    12.814 0.000  0.000    14.225 0.000  0.000   
MCTOP_ALLOC_SEQUENTIAL              1.000  0.000  0.000    1.626  0.000  0.000    2.613  0.000  0.000    6.584  0.000  0.000    11.370 0.000  0.000    12.982 0.000  0.000    13.810 0.000  0.000   
MCTOP_ALLOC_MIN_LAT_HWCS            2.322  0.000  0.000    3.143  0.000  0.000    1.852  0.000  0.000    2.740  0.000  0.000    10.782 0.000  0.000    12.675 0.000  0.000    13.835 0.000  0.000   
MCTOP_ALLOC_MIN_LAT_CORES           2.095  0.000  0.000    1.643  0.000  0.000    2.743  0.000  0.000    10.102 0.000  0.000    12.569 0.000  0.000    13.208 0.000  0.000    14.233 0.000  0.000   
MCTOP_ALLOC_BW_ROUND_ROBIN_HWCS     1.455  0.000  0.000    1.727  0.000  0.000    2.110  0.000  0.000    3.687  0.000  0.000    11.475 0.000  0.000    12.536 0.000  0.000    13.703 0.000  0.000   
MCTOP_ALLOC_BW_ROUND_ROBIN_CORES    1.230  0.000  0.000    1.853  0.000  0.000    3.345  0.000  0.000    10.467 0.000  0.000    12.338 0.000  0.000    12.734 0.000  0.000    14.199 0.000  0.000   
./bin/diassrv8/wr -- data/wr/800MB.txt --
Alloc policy                        10                     20                     30                     40                     80                     120                    160                   
MCTOP_ALLOC_NONE                    38427  0.00   0.00     31825  0.00   0.00     44081  0.00   0.00     68613  0.00   0.00     514597 0.00   0.00     369348 0.00   0.00     450769 0.00   0.00    
MCTOP_ALLOC_SEQUENTIAL              30782  0.00   0.00     29661  0.00   0.00     41841  0.00   0.00     101297 0.00   0.00     294109 0.00   0.00     417177 0.00   0.00     473015 0.00   0.00    
MCTOP_ALLOC_MIN_LAT_HWCS            71248  0.00   0.00     61164  0.00   0.00     32851  0.00   0.00     48471  0.00   0.00     305320 0.00   0.00     404173 0.00   0.00     482519 0.00   0.00    
MCTOP_ALLOC_MIN_LAT_CORES           62478  0.00   0.00     30364  0.00   0.00     45051  0.00   0.00     151061 0.00   0.00     342373 0.00   0.00     417552 0.00   0.00     471645 0.00   0.00    
MCTOP_ALLOC_BW_ROUND_ROBIN_HWCS     32686  0.00   0.00     32103  0.00   0.00     37720  0.00   0.00     62760  0.00   0.00     301452 0.00   0.00     401387 0.00   0.00     472566 0.00   0.00    
MCTOP_ALLOC_BW_ROUND_ROBIN_CORES    30291  0.00   0.00     31461  0.00   0.00     45824  0.00   0.00     134694 0.00   0.00     329922 0.00   0.00     409145 0.00   0.00     468179 0.00   0.00    
./bin/diassrv8/wr -- VS. seq
MCTOP_ALLOC_NONE                    1.248  0.000  0.000    1.073  0.000  0.000    1.054  0.000  0.000    0.677  0.000  0.000    1.750  0.000  0.000    0.885  0.000  0.000    0.953  0.000  0.000   
MCTOP_ALLOC_SEQUENTIAL              1.000  0.000  0.000    1.000  0.000  0.000    1.000  0.000  0.000    1.000  0.000  0.000    1.000  0.000  0.000    1.000  0.000  0.000    1.000  0.000  0.000   
MCTOP_ALLOC_MIN_LAT_HWCS            2.315  0.000  0.000    2.062  0.000  0.000    0.785  0.000  0.000    0.479  0.000  0.000    1.038  0.000  0.000    0.969  0.000  0.000    1.020  0.000  0.000   
MCTOP_ALLOC_MIN_LAT_CORES           2.030  0.000  0.000    1.024  0.000  0.000    1.077  0.000  0.000    1.491  0.000  0.000    1.164  0.000  0.000    1.001  0.000  0.000    0.997  0.000  0.000   
MCTOP_ALLOC_BW_ROUND_ROBIN_HWCS     1.062  0.000  0.000    1.082  0.000  0.000    0.902  0.000  0.000    0.620  0.000  0.000    1.025  0.000  0.000    0.962  0.000  0.000    0.999  0.000  0.000   
MCTOP_ALLOC_BW_ROUND_ROBIN_CORES    0.984  0.000  0.000    1.061  0.000  0.000    1.095  0.000  0.000    1.330  0.000  0.000    1.122  0.000  0.000    0.981  0.000  0.000    0.990  0.000  0.000   
./bin/diassrv8/wr -- VS. best time
MCTOP_ALLOC_NONE                    1.296  0.000  0.000    1.073  0.000  0.000    1.486  0.000  0.000    2.313  0.000  0.000    17.349 0.000  0.000    12.452 0.000  0.000    15.197 0.000  0.000   
MCTOP_ALLOC_SEQUENTIAL              1.038  0.000  0.000    1.000  0.000  0.000    1.411  0.000  0.000    3.415  0.000  0.000    9.916  0.000  0.000    14.065 0.000  0.000    15.947 0.000  0.000   
MCTOP_ALLOC_MIN_LAT_HWCS            2.402  0.000  0.000    2.062  0.000  0.000    1.108  0.000  0.000    1.634  0.000  0.000    10.294 0.000  0.000    13.626 0.000  0.000    16.268 0.000  0.000   
MCTOP_ALLOC_MIN_LAT_CORES           2.106  0.000  0.000    1.024  0.000  0.000    1.519  0.000  0.000    5.093  0.000  0.000    11.543 0.000  0.000    14.077 0.000  0.000    15.901 0.000  0.000   
MCTOP_ALLOC_BW_ROUND_ROBIN_HWCS     1.102  0.000  0.000    1.082  0.000  0.000    1.272  0.000  0.000    2.116  0.000  0.000    10.163 0.000  0.000    13.532 0.000  0.000    15.932 0.000  0.000   
MCTOP_ALLOC_BW_ROUND_ROBIN_CORES    1.021  0.000  0.000    1.061  0.000  0.000    1.545  0.000  0.000    4.541  0.000  0.000    11.123 0.000  0.000    13.794 0.000  0.000    15.784 0.000  0.000   
./bin/diassrv8/wrmem -- -s8192 --
Alloc policy                        10                     20                     30                     40                     80                     120                    160                   
MCTOP_ALLOC_NONE                    258535 0.00   0.00     716947 0.00   0.00     161873 0.00   0.00     299221 0.00   0.00     448684 0.00   0.00     342919 0.00   0.00     474069 0.00   0.00    
MCTOP_ALLOC_SEQUENTIAL              236450 0.00   0.00     299142 0.00   0.00     138740 0.00   0.00     143368 0.00   0.00     205506 0.00   0.00     414805 0.00   0.00     550540 0.00   0.00    
MCTOP_ALLOC_MIN_LAT_HWCS            469742 0.00   0.00     623359 0.00   0.00     162317 0.00   0.00     126188 0.00   0.00     212395 0.00   0.00     392767 0.00   0.00     555126 0.00   0.00    
MCTOP_ALLOC_MIN_LAT_CORES           448110 0.00   0.00     292492 0.00   0.00     143107 0.00   0.00     156913 0.00   0.00     285543 0.00   0.00     431417 0.00   0.00     561223 0.00   0.00    
MCTOP_ALLOC_BW_ROUND_ROBIN_HWCS     237603 0.00   0.00     312223 0.00   0.00     134736 0.00   0.00     157609 0.00   0.00     201725 0.00   0.00     386779 0.00   0.00     553537 0.00   0.00    
MCTOP_ALLOC_BW_ROUND_ROBIN_CORES    244075 0.00   0.00     322075 0.00   0.00     163227 0.00   0.00     148430 0.00   0.00     266982 0.00   0.00     403482 0.00   0.00     547949 0.00   0.00    
./bin/diassrv8/wrmem -- VS. seq
MCTOP_ALLOC_NONE                    1.093  0.000  0.000    2.397  0.000  0.000    1.167  0.000  0.000    2.087  0.000  0.000    2.183  0.000  0.000    0.827  0.000  0.000    0.861  0.000  0.000   
MCTOP_ALLOC_SEQUENTIAL              1.000  0.000  0.000    1.000  0.000  0.000    1.000  0.000  0.000    1.000  0.000  0.000    1.000  0.000  0.000    1.000  0.000  0.000    1.000  0.000  0.000   
MCTOP_ALLOC_MIN_LAT_HWCS            1.987  0.000  0.000    2.084  0.000  0.000    1.170  0.000  0.000    0.880  0.000  0.000    1.034  0.000  0.000    0.947  0.000  0.000    1.008  0.000  0.000   
MCTOP_ALLOC_MIN_LAT_CORES           1.895  0.000  0.000    0.978  0.000  0.000    1.031  0.000  0.000    1.094  0.000  0.000    1.389  0.000  0.000    1.040  0.000  0.000    1.019  0.000  0.000   
MCTOP_ALLOC_BW_ROUND_ROBIN_HWCS     1.005  0.000  0.000    1.044  0.000  0.000    0.971  0.000  0.000    1.099  0.000  0.000    0.982  0.000  0.000    0.932  0.000  0.000    1.005  0.000  0.000   
MCTOP_ALLOC_BW_ROUND_ROBIN_CORES    1.032  0.000  0.000    1.077  0.000  0.000    1.176  0.000  0.000    1.035  0.000  0.000    1.299  0.000  0.000    0.973  0.000  0.000    0.995  0.000  0.000   
./bin/diassrv8/wrmem -- VS. best time
MCTOP_ALLOC_NONE                    2.049  0.000  0.000    5.682  0.000  0.000    1.283  0.000  0.000    2.371  0.000  0.000    3.556  0.000  0.000    2.718  0.000  0.000    3.757  0.000  0.000   
MCTOP_ALLOC_SEQUENTIAL              1.874  0.000  0.000    2.371  0.000  0.000    1.099  0.000  0.000    1.136  0.000  0.000    1.629  0.000  0.000    3.287  0.000  0.000    4.363  0.000  0.000   
MCTOP_ALLOC_MIN_LAT_HWCS            3.723  0.000  0.000    4.940  0.000  0.000    1.286  0.000  0.000    1.000  0.000  0.000    1.683  0.000  0.000    3.113  0.000  0.000    4.399  0.000  0.000   
MCTOP_ALLOC_MIN_LAT_CORES           3.551  0.000  0.000    2.318  0.000  0.000    1.134  0.000  0.000    1.243  0.000  0.000    2.263  0.000  0.000    3.419  0.000  0.000    4.448  0.000  0.000   
MCTOP_ALLOC_BW_ROUND_ROBIN_HWCS     1.883  0.000  0.000    2.474  0.000  0.000    1.068  0.000  0.000    1.249  0.000  0.000    1.599  0.000  0.000    3.065  0.000  0.000    4.387  0.000  0.000   
MCTOP_ALLOC_BW_ROUND_ROBIN_CORES    1.934  0.000  0.000    2.552  0.000  0.000    1.294  0.000  0.000    1.176  0.000  0.000    2.116  0.000  0.000    3.197  0.000  0.000    4.342  0.000  0.000   
./bin/diassrv8/matrix_mult -- -l3000 --
Alloc policy                        10                     20                     30                     40                     80                     120                    160                   
MCTOP_ALLOC_NONE                    6414   0.00   0.00     3217   0.00   0.00     4299   0.00   0.00     3437   0.00   0.00     911    0.00   0.00     901    0.00   0.00     1045   0.00   0.00    
MCTOP_ALLOC_SEQUENTIAL              6964   0.00   0.00     3547   0.00   0.00     2388   0.00   0.00     1812   0.00   0.00     1581   0.00   0.00     930    0.00   0.00     927    0.00   0.00    
MCTOP_ALLOC_MIN_LAT_HWCS            23219  0.00   0.00     12645  0.00   0.00     4126   0.00   0.00     3178   0.00   0.00     1617   0.00   0.00     1145   0.00   0.00     925    0.00   0.00    
MCTOP_ALLOC_MIN_LAT_CORES           13975  0.00   0.00     3542   0.00   0.00     2384   0.00   0.00     1821   0.00   0.00     935    0.00   0.00     944    0.00   0.00     928    0.00   0.00    
MCTOP_ALLOC_BW_ROUND_ROBIN_HWCS     7701   0.00   0.00     4846   0.00   0.00     3523   0.00   0.00     2443   0.00   0.00     1497   0.00   0.00     1143   0.00   0.00     930    0.00   0.00    
MCTOP_ALLOC_BW_ROUND_ROBIN_CORES    6402   0.00   0.00     3230   0.00   0.00     2168   0.00   0.00     1735   0.00   0.00     937    0.00   0.00     931    0.00   0.00     931    0.00   0.00    
./bin/diassrv8/matrix_mult -- VS. seq
MCTOP_ALLOC_NONE                    0.921  0.000  0.000    0.907  0.000  0.000    1.800  0.000  0.000    1.897  0.000  0.000    0.576  0.000  0.000    0.969  0.000  0.000    1.127  0.000  0.000   
MCTOP_ALLOC_SEQUENTIAL              1.000  0.000  0.000    1.000  0.000  0.000    1.000  0.000  0.000    1.000  0.000  0.000    1.000  0.000  0.000    1.000  0.000  0.000    1.000  0.000  0.000   
MCTOP_ALLOC_MIN_LAT_HWCS            3.334  0.000  0.000    3.565  0.000  0.000    1.728  0.000  0.000    1.754  0.000  0.000    1.023  0.000  0.000    1.231  0.000  0.000    0.998  0.000  0.000   
MCTOP_ALLOC_MIN_LAT_CORES           2.007  0.000  0.000    0.999  0.000  0.000    0.998  0.000  0.000    1.005  0.000  0.000    0.591  0.000  0.000    1.015  0.000  0.000    1.001  0.000  0.000   
MCTOP_ALLOC_BW_ROUND_ROBIN_HWCS     1.106  0.000  0.000    1.366  0.000  0.000    1.475  0.000  0.000    1.348  0.000  0.000    0.947  0.000  0.000    1.229  0.000  0.000    1.003  0.000  0.000   
MCTOP_ALLOC_BW_ROUND_ROBIN_CORES    0.919  0.000  0.000    0.911  0.000  0.000    0.908  0.000  0.000    0.958  0.000  0.000    0.593  0.000  0.000    1.001  0.000  0.000    1.004  0.000  0.000   
./bin/diassrv8/matrix_mult -- VS. best time
MCTOP_ALLOC_NONE                    7.119  0.000  0.000    3.570  0.000  0.000    4.771  0.000  0.000    3.815  0.000  0.000    1.011  0.000  0.000    1.000  0.000  0.000    1.160  0.000  0.000   
MCTOP_ALLOC_SEQUENTIAL              7.729  0.000  0.000    3.937  0.000  0.000    2.650  0.000  0.000    2.011  0.000  0.000    1.755  0.000  0.000    1.032  0.000  0.000    1.029  0.000  0.000   
MCTOP_ALLOC_MIN_LAT_HWCS            25.770 0.000  0.000    14.034 0.000  0.000    4.579  0.000  0.000    3.527  0.000  0.000    1.795  0.000  0.000    1.271  0.000  0.000    1.027  0.000  0.000   
MCTOP_ALLOC_MIN_LAT_CORES           15.511 0.000  0.000    3.931  0.000  0.000    2.646  0.000  0.000    2.021  0.000  0.000    1.038  0.000  0.000    1.048  0.000  0.000    1.030  0.000  0.000   
MCTOP_ALLOC_BW_ROUND_ROBIN_HWCS     8.547  0.000  0.000    5.378  0.000  0.000    3.910  0.000  0.000    2.711  0.000  0.000    1.661  0.000  0.000    1.269  0.000  0.000    1.032  0.000  0.000   
MCTOP_ALLOC_BW_ROUND_ROBIN_CORES    7.105  0.000  0.000    3.585  0.000  0.000    2.406  0.000  0.000    1.926  0.000  0.000    1.040  0.000  0.000    1.033  0.000  0.000    1.033  0.000  0.000   
./bin/diassrv8/matrix_mult -- -l6000 --
Alloc policy                        10                     20                     30                     40                     80                     120                    160                   
MCTOP_ALLOC_NONE                    51429  0.00   0.00     25692  0.00   0.00     17203  0.00   0.00     13676  0.00   0.00     7548   0.00   0.00     6977   0.00   0.00     6798   0.00   0.00    
MCTOP_ALLOC_SEQUENTIAL              55732  0.00   0.00     28223  0.00   0.00     18946  0.00   0.00     14227  0.00   0.00     12802  0.00   0.00     6990   0.00   0.00     6610   0.00   0.00    
MCTOP_ALLOC_MIN_LAT_HWCS            194000 0.00   0.00     106017 0.00   0.00     34376  0.00   0.00     26244  0.00   0.00     13060  0.00   0.00     8843   0.00   0.00     6637   0.00   0.00    
MCTOP_ALLOC_MIN_LAT_CORES           112172 0.00   0.00     28196  0.00   0.00     18941  0.00   0.00     14289  0.00   0.00     7259   0.00   0.00     6993   0.00   0.00     6629   0.00   0.00    
MCTOP_ALLOC_BW_ROUND_ROBIN_HWCS     62638  0.00   0.00     39766  0.00   0.00     29175  0.00   0.00     20018  0.00   0.00     12306  0.00   0.00     8359   0.00   0.00     6639   0.00   0.00    
MCTOP_ALLOC_BW_ROUND_ROBIN_CORES    51278  0.00   0.00     25638  0.00   0.00     17218  0.00   0.00     13626  0.00   0.00     7266   0.00   0.00     6988   0.00   0.00     6659   0.00   0.00    
./bin/diassrv8/matrix_mult -- VS. seq
MCTOP_ALLOC_NONE                    0.923  0.000  0.000    0.910  0.000  0.000    0.908  0.000  0.000    0.961  0.000  0.000    0.590  0.000  0.000    0.998  0.000  0.000    1.028  0.000  0.000   
MCTOP_ALLOC_SEQUENTIAL              1.000  0.000  0.000    1.000  0.000  0.000    1.000  0.000  0.000    1.000  0.000  0.000    1.000  0.000  0.000    1.000  0.000  0.000    1.000  0.000  0.000   
MCTOP_ALLOC_MIN_LAT_HWCS            3.481  0.000  0.000    3.756  0.000  0.000    1.814  0.000  0.000    1.845  0.000  0.000    1.020  0.000  0.000    1.265  0.000  0.000    1.004  0.000  0.000   
MCTOP_ALLOC_MIN_LAT_CORES           2.013  0.000  0.000    0.999  0.000  0.000    1.000  0.000  0.000    1.004  0.000  0.000    0.567  0.000  0.000    1.000  0.000  0.000    1.003  0.000  0.000   
MCTOP_ALLOC_BW_ROUND_ROBIN_HWCS     1.124  0.000  0.000    1.409  0.000  0.000    1.540  0.000  0.000    1.407  0.000  0.000    0.961  0.000  0.000    1.196  0.000  0.000    1.004  0.000  0.000   
MCTOP_ALLOC_BW_ROUND_ROBIN_CORES    0.920  0.000  0.000    0.908  0.000  0.000    0.909  0.000  0.000    0.958  0.000  0.000    0.568  0.000  0.000    1.000  0.000  0.000    1.007  0.000  0.000   
./bin/diassrv8/matrix_mult -- VS. best time
MCTOP_ALLOC_NONE                    7.780  0.000  0.000    3.887  0.000  0.000    2.603  0.000  0.000    2.069  0.000  0.000    1.142  0.000  0.000    1.056  0.000  0.000    1.028  0.000  0.000   
MCTOP_ALLOC_SEQUENTIAL              8.431  0.000  0.000    4.270  0.000  0.000    2.866  0.000  0.000    2.152  0.000  0.000    1.937  0.000  0.000    1.057  0.000  0.000    1.000  0.000  0.000   
MCTOP_ALLOC_MIN_LAT_HWCS            29.349 0.000  0.000    16.039 0.000  0.000    5.201  0.000  0.000    3.970  0.000  0.000    1.976  0.000  0.000    1.338  0.000  0.000    1.004  0.000  0.000   
MCTOP_ALLOC_MIN_LAT_CORES           16.970 0.000  0.000    4.266  0.000  0.000    2.866  0.000  0.000    2.162  0.000  0.000    1.098  0.000  0.000    1.058  0.000  0.000    1.003  0.000  0.000   
MCTOP_ALLOC_BW_ROUND_ROBIN_HWCS     9.476  0.000  0.000    6.016  0.000  0.000    4.414  0.000  0.000    3.028  0.000  0.000    1.862  0.000  0.000    1.265  0.000  0.000    1.004  0.000  0.000   
MCTOP_ALLOC_BW_ROUND_ROBIN_CORES    7.758  0.000  0.000    3.879  0.000  0.000    2.605  0.000  0.000    2.061  0.000  0.000    1.099  0.000  0.000    1.057  0.000  0.000    1.007  0.000  0.000   
./bin/diassrv8/wsearchmem -- -i8192 --
Alloc policy                        10                     20                     30                     40                     80                     120                    160                   
MCTOP_ALLOC_NONE                    1483   0.00   0.00     762    0.00   0.00     1042   0.00   0.00     992    0.00   0.00     555    0.00   0.00     718    0.00   0.00     843    0.00   0.00    
MCTOP_ALLOC_SEQUENTIAL              1595   0.00   0.00     872    0.00   0.00     685    0.00   0.00     680    0.00   0.00     691    0.00   0.00     733    0.00   0.00     736    0.00   0.00    
MCTOP_ALLOC_MIN_LAT_HWCS            4877   0.00   0.00     2670   0.00   0.00     866    0.00   0.00     676    0.00   0.00     518    0.00   0.00     559    0.00   0.00     655    0.00   0.00    
MCTOP_ALLOC_MIN_LAT_CORES           3240   0.00   0.00     842    0.00   0.00     574    0.00   0.00     502    0.00   0.00     558    0.00   0.00     639    0.00   0.00     653    0.00   0.00    
MCTOP_ALLOC_BW_ROUND_ROBIN_HWCS     1765   0.00   0.00     1061   0.00   0.00     770    0.00   0.00     556    0.00   0.00     526    0.00   0.00     598    0.00   0.00     660    0.00   0.00    
MCTOP_ALLOC_BW_ROUND_ROBIN_CORES    1478   0.00   0.00     764    0.00   0.00     531    0.00   0.00     502    0.00   0.00     561    0.00   0.00     619    0.00   0.00     655    0.00   0.00    
./bin/diassrv8/wsearchmem -- VS. seq
MCTOP_ALLOC_NONE                    0.930  0.000  0.000    0.874  0.000  0.000    1.521  0.000  0.000    1.459  0.000  0.000    0.803  0.000  0.000    0.980  0.000  0.000    1.145  0.000  0.000   
MCTOP_ALLOC_SEQUENTIAL              1.000  0.000  0.000    1.000  0.000  0.000    1.000  0.000  0.000    1.000  0.000  0.000    1.000  0.000  0.000    1.000  0.000  0.000    1.000  0.000  0.000   
MCTOP_ALLOC_MIN_LAT_HWCS            3.058  0.000  0.000    3.062  0.000  0.000    1.264  0.000  0.000    0.994  0.000  0.000    0.750  0.000  0.000    0.763  0.000  0.000    0.890  0.000  0.000   
MCTOP_ALLOC_MIN_LAT_CORES           2.031  0.000  0.000    0.966  0.000  0.000    0.838  0.000  0.000    0.738  0.000  0.000    0.808  0.000  0.000    0.872  0.000  0.000    0.887  0.000  0.000   
MCTOP_ALLOC_BW_ROUND_ROBIN_HWCS     1.107  0.000  0.000    1.217  0.000  0.000    1.124  0.000  0.000    0.818  0.000  0.000    0.761  0.000  0.000    0.816  0.000  0.000    0.897  0.000  0.000   
MCTOP_ALLOC_BW_ROUND_ROBIN_CORES    0.927  0.000  0.000    0.876  0.000  0.000    0.775  0.000  0.000    0.738  0.000  0.000    0.812  0.000  0.000    0.844  0.000  0.000    0.890  0.000  0.000   
./bin/diassrv8/wsearchmem -- VS. best time
MCTOP_ALLOC_NONE                    2.954  0.000  0.000    1.518  0.000  0.000    2.076  0.000  0.000    1.976  0.000  0.000    1.106  0.000  0.000    1.430  0.000  0.000    1.679  0.000  0.000   
MCTOP_ALLOC_SEQUENTIAL              3.177  0.000  0.000    1.737  0.000  0.000    1.365  0.000  0.000    1.355  0.000  0.000    1.376  0.000  0.000    1.460  0.000  0.000    1.466  0.000  0.000   
MCTOP_ALLOC_MIN_LAT_HWCS            9.715  0.000  0.000    5.319  0.000  0.000    1.725  0.000  0.000    1.347  0.000  0.000    1.032  0.000  0.000    1.114  0.000  0.000    1.305  0.000  0.000   
MCTOP_ALLOC_MIN_LAT_CORES           6.454  0.000  0.000    1.677  0.000  0.000    1.143  0.000  0.000    1.000  0.000  0.000    1.112  0.000  0.000    1.273  0.000  0.000    1.301  0.000  0.000   
MCTOP_ALLOC_BW_ROUND_ROBIN_HWCS     3.516  0.000  0.000    2.114  0.000  0.000    1.534  0.000  0.000    1.108  0.000  0.000    1.048  0.000  0.000    1.191  0.000  0.000    1.315  0.000  0.000   
MCTOP_ALLOC_BW_ROUND_ROBIN_CORES    2.944  0.000  0.000    1.522  0.000  0.000    1.058  0.000  0.000    1.000  0.000  0.000    1.118  0.000  0.000    1.233  0.000  0.000    1.305  0.000  0.000   
./bin/diassrv8/wsearchmem -- -i32768 --
Alloc policy                        10                     20                     30                     40                     80                     120                    160                   
MCTOP_ALLOC_NONE                    11768  0.00   0.00     5935   0.00   0.00     2063   0.00   0.00     3810   0.00   0.00     2507   0.00   0.00     2282   0.00   0.00     2429   0.00   0.00    
MCTOP_ALLOC_SEQUENTIAL              6651   0.00   0.00     3478   0.00   0.00     2633   0.00   0.00     2472   0.00   0.00     2470   0.00   0.00     2574   0.00   0.00     2596   0.00   0.00    
MCTOP_ALLOC_MIN_LAT_HWCS            19526  0.00   0.00     10899  0.00   0.00     3473   0.00   0.00     2711   0.00   0.00     1936   0.00   0.00     2063   0.00   0.00     2375   0.00   0.00    
MCTOP_ALLOC_MIN_LAT_CORES           13095  0.00   0.00     3307   0.00   0.00     2252   0.00   0.00     1901   0.00   0.00     2065   0.00   0.00     2335   0.00   0.00     2359   0.00   0.00    
MCTOP_ALLOC_BW_ROUND_ROBIN_HWCS     6845   0.00   0.00     4188   0.00   0.00     2990   0.00   0.00     2138   0.00   0.00     1958   0.00   0.00     2193   0.00   0.00     2353   0.00   0.00    
MCTOP_ALLOC_BW_ROUND_ROBIN_CORES    5849   0.00   0.00     2971   0.00   0.00     2041   0.00   0.00     1920   0.00   0.00     2071   0.00   0.00     2254   0.00   0.00     2367   0.00   0.00    
./bin/diassrv8/wsearchmem -- VS. seq
MCTOP_ALLOC_NONE                    1.769  0.000  0.000    1.706  0.000  0.000    0.784  0.000  0.000    1.541  0.000  0.000    1.015  0.000  0.000    0.887  0.000  0.000    0.936  0.000  0.000   
MCTOP_ALLOC_SEQUENTIAL              1.000  0.000  0.000    1.000  0.000  0.000    1.000  0.000  0.000    1.000  0.000  0.000    1.000  0.000  0.000    1.000  0.000  0.000    1.000  0.000  0.000   
MCTOP_ALLOC_MIN_LAT_HWCS            2.936  0.000  0.000    3.134  0.000  0.000    1.319  0.000  0.000    1.097  0.000  0.000    0.784  0.000  0.000    0.801  0.000  0.000    0.915  0.000  0.000   
MCTOP_ALLOC_MIN_LAT_CORES           1.969  0.000  0.000    0.951  0.000  0.000    0.855  0.000  0.000    0.769  0.000  0.000    0.836  0.000  0.000    0.907  0.000  0.000    0.909  0.000  0.000   
MCTOP_ALLOC_BW_ROUND_ROBIN_HWCS     1.029  0.000  0.000    1.204  0.000  0.000    1.136  0.000  0.000    0.865  0.000  0.000    0.793  0.000  0.000    0.852  0.000  0.000    0.906  0.000  0.000   
MCTOP_ALLOC_BW_ROUND_ROBIN_CORES    0.879  0.000  0.000    0.854  0.000  0.000    0.775  0.000  0.000    0.777  0.000  0.000    0.838  0.000  0.000    0.876  0.000  0.000    0.912  0.000  0.000   
./bin/diassrv8/wsearchmem -- VS. best time
MCTOP_ALLOC_NONE                    6.190  0.000  0.000    3.122  0.000  0.000    1.085  0.000  0.000    2.004  0.000  0.000    1.319  0.000  0.000    1.200  0.000  0.000    1.278  0.000  0.000   
MCTOP_ALLOC_SEQUENTIAL              3.499  0.000  0.000    1.830  0.000  0.000    1.385  0.000  0.000    1.300  0.000  0.000    1.299  0.000  0.000    1.354  0.000  0.000    1.366  0.000  0.000   
MCTOP_ALLOC_MIN_LAT_HWCS            10.271 0.000  0.000    5.733  0.000  0.000    1.827  0.000  0.000    1.426  0.000  0.000    1.018  0.000  0.000    1.085  0.000  0.000    1.249  0.000  0.000   
MCTOP_ALLOC_MIN_LAT_CORES           6.888  0.000  0.000    1.740  0.000  0.000    1.185  0.000  0.000    1.000  0.000  0.000    1.086  0.000  0.000    1.228  0.000  0.000    1.241  0.000  0.000   
MCTOP_ALLOC_BW_ROUND_ROBIN_HWCS     3.601  0.000  0.000    2.203  0.000  0.000    1.573  0.000  0.000    1.125  0.000  0.000    1.030  0.000  0.000    1.154  0.000  0.000    1.238  0.000  0.000   
MCTOP_ALLOC_BW_ROUND_ROBIN_CORES    3.077  0.000  0.000    1.563  0.000  0.000    1.074  0.000  0.000    1.010  0.000  0.000    1.089  0.000  0.000    1.186  0.000  0.000    1.245  0.000  0.000   
./bin/diassrv8/matrix_mult2 -- -l3000 --
Alloc policy                        10                     20                     30                     40                     80                     120                    160                   
MCTOP_ALLOC_NONE                    4478   0.00   0.00     2360   0.00   0.00     3308   0.00   0.00     2461   0.00   0.00     755    0.00   0.00     749    0.00   0.00     880    0.00   0.00    
MCTOP_ALLOC_SEQUENTIAL              4931   0.00   0.00     2524   0.00   0.00     1688   0.00   0.00     1302   0.00   0.00     1319   0.00   0.00     751    0.00   0.00     758    0.00   0.00    
MCTOP_ALLOC_MIN_LAT_HWCS            18452  0.00   0.00     10306  0.00   0.00     3442   0.00   0.00     2599   0.00   0.00     1346   0.00   0.00     945    0.00   0.00     810    0.00   0.00    
MCTOP_ALLOC_MIN_LAT_CORES           9954   0.00   0.00     2523   0.00   0.00     1701   0.00   0.00     1307   0.00   0.00     688    0.00   0.00     772    0.00   0.00     762    0.00   0.00    
MCTOP_ALLOC_BW_ROUND_ROBIN_HWCS     5854   0.00   0.00     3846   0.00   0.00     2875   0.00   0.00     2013   0.00   0.00     1233   0.00   0.00     937    0.00   0.00     777    0.00   0.00    
MCTOP_ALLOC_BW_ROUND_ROBIN_CORES    4444   0.00   0.00     2279   0.00   0.00     1559   0.00   0.00     1247   0.00   0.00     674    0.00   0.00     801    0.00   0.00     852    0.00   0.00    
./bin/diassrv8/matrix_mult2 -- VS. seq
MCTOP_ALLOC_NONE                    0.908  0.000  0.000    0.935  0.000  0.000    1.960  0.000  0.000    1.890  0.000  0.000    0.572  0.000  0.000    0.997  0.000  0.000    1.161  0.000  0.000   
MCTOP_ALLOC_SEQUENTIAL              1.000  0.000  0.000    1.000  0.000  0.000    1.000  0.000  0.000    1.000  0.000  0.000    1.000  0.000  0.000    1.000  0.000  0.000    1.000  0.000  0.000   
MCTOP_ALLOC_MIN_LAT_HWCS            3.742  0.000  0.000    4.083  0.000  0.000    2.039  0.000  0.000    1.996  0.000  0.000    1.020  0.000  0.000    1.258  0.000  0.000    1.069  0.000  0.000   
MCTOP_ALLOC_MIN_LAT_CORES           2.019  0.000  0.000    1.000  0.000  0.000    1.008  0.000  0.000    1.004  0.000  0.000    0.522  0.000  0.000    1.028  0.000  0.000    1.005  0.000  0.000   
MCTOP_ALLOC_BW_ROUND_ROBIN_HWCS     1.187  0.000  0.000    1.524  0.000  0.000    1.703  0.000  0.000    1.546  0.000  0.000    0.935  0.000  0.000    1.248  0.000  0.000    1.025  0.000  0.000   
MCTOP_ALLOC_BW_ROUND_ROBIN_CORES    0.901  0.000  0.000    0.903  0.000  0.000    0.924  0.000  0.000    0.958  0.000  0.000    0.511  0.000  0.000    1.067  0.000  0.000    1.124  0.000  0.000   
./bin/diassrv8/matrix_mult2 -- VS. best time
MCTOP_ALLOC_NONE                    6.644  0.000  0.000    3.501  0.000  0.000    4.908  0.000  0.000    3.651  0.000  0.000    1.120  0.000  0.000    1.111  0.000  0.000    1.306  0.000  0.000   
MCTOP_ALLOC_SEQUENTIAL              7.316  0.000  0.000    3.745  0.000  0.000    2.504  0.000  0.000    1.932  0.000  0.000    1.957  0.000  0.000    1.114  0.000  0.000    1.125  0.000  0.000   
MCTOP_ALLOC_MIN_LAT_HWCS            27.377 0.000  0.000    15.291 0.000  0.000    5.107  0.000  0.000    3.856  0.000  0.000    1.997  0.000  0.000    1.402  0.000  0.000    1.202  0.000  0.000   
MCTOP_ALLOC_MIN_LAT_CORES           14.769 0.000  0.000    3.743  0.000  0.000    2.524  0.000  0.000    1.939  0.000  0.000    1.021  0.000  0.000    1.145  0.000  0.000    1.131  0.000  0.000   
MCTOP_ALLOC_BW_ROUND_ROBIN_HWCS     8.685  0.000  0.000    5.706  0.000  0.000    4.266  0.000  0.000    2.987  0.000  0.000    1.829  0.000  0.000    1.390  0.000  0.000    1.153  0.000  0.000   
MCTOP_ALLOC_BW_ROUND_ROBIN_CORES    6.593  0.000  0.000    3.381  0.000  0.000    2.313  0.000  0.000    1.850  0.000  0.000    1.000  0.000  0.000    1.188  0.000  0.000    1.264  0.000  0.000   
./bin/diassrv8/matrix_mult2 -- -l6000 --
Alloc policy                        10                     20                     30                     40                     80                     120                    160                   
MCTOP_ALLOC_NONE                    36225  0.00   0.00     17988  0.00   0.00     24287  0.00   0.00     9554   0.00   0.00     10699  0.00   0.00     6062   0.00   0.00     5393   0.00   0.00    
MCTOP_ALLOC_SEQUENTIAL              39693  0.00   0.00     19935  0.00   0.00     13429  0.00   0.00     10108  0.00   0.00     10140  0.00   0.00     6044   0.00   0.00     5271   0.00   0.00    
MCTOP_ALLOC_MIN_LAT_HWCS            147252 0.00   0.00     81579  0.00   0.00     27682  0.00   0.00     20363  0.00   0.00     10255  0.00   0.00     7018   0.00   0.00     5267   0.00   0.00    
MCTOP_ALLOC_MIN_LAT_CORES           79007  0.00   0.00     20082  0.00   0.00     13431  0.00   0.00     10097  0.00   0.00     5217   0.00   0.00     6134   0.00   0.00     5293   0.00   0.00    
MCTOP_ALLOC_BW_ROUND_ROBIN_HWCS     55377  0.00   0.00     34157  0.00   0.00     23856  0.00   0.00     17638  0.00   0.00     9604   0.00   0.00     6669   0.00   0.00     5346   0.00   0.00    
MCTOP_ALLOC_BW_ROUND_ROBIN_CORES    35654  0.00   0.00     17938  0.00   0.00     12124  0.00   0.00     9611   0.00   0.00     5259   0.00   0.00     6021   0.00   0.00     5376   0.00   0.00    
./bin/diassrv8/matrix_mult2 -- VS. seq
MCTOP_ALLOC_NONE                    0.913  0.000  0.000    0.902  0.000  0.000    1.809  0.000  0.000    0.945  0.000  0.000    1.055  0.000  0.000    1.003  0.000  0.000    1.023  0.000  0.000   
MCTOP_ALLOC_SEQUENTIAL              1.000  0.000  0.000    1.000  0.000  0.000    1.000  0.000  0.000    1.000  0.000  0.000    1.000  0.000  0.000    1.000  0.000  0.000    1.000  0.000  0.000   
MCTOP_ALLOC_MIN_LAT_HWCS            3.710  0.000  0.000    4.092  0.000  0.000    2.061  0.000  0.000    2.015  0.000  0.000    1.011  0.000  0.000    1.161  0.000  0.000    0.999  0.000  0.000   
MCTOP_ALLOC_MIN_LAT_CORES           1.990  0.000  0.000    1.007  0.000  0.000    1.000  0.000  0.000    0.999  0.000  0.000    0.514  0.000  0.000    1.015  0.000  0.000    1.004  0.000  0.000   
MCTOP_ALLOC_BW_ROUND_ROBIN_HWCS     1.395  0.000  0.000    1.713  0.000  0.000    1.776  0.000  0.000    1.745  0.000  0.000    0.947  0.000  0.000    1.103  0.000  0.000    1.014  0.000  0.000   
MCTOP_ALLOC_BW_ROUND_ROBIN_CORES    0.898  0.000  0.000    0.900  0.000  0.000    0.903  0.000  0.000    0.951  0.000  0.000    0.519  0.000  0.000    0.996  0.000  0.000    1.020  0.000  0.000   
./bin/diassrv8/matrix_mult2 -- VS. best time
MCTOP_ALLOC_NONE                    6.944  0.000  0.000    3.448  0.000  0.000    4.655  0.000  0.000    1.831  0.000  0.000    2.051  0.000  0.000    1.162  0.000  0.000    1.034  0.000  0.000   
MCTOP_ALLOC_SEQUENTIAL              7.608  0.000  0.000    3.821  0.000  0.000    2.574  0.000  0.000    1.938  0.000  0.000    1.944  0.000  0.000    1.159  0.000  0.000    1.010  0.000  0.000   
MCTOP_ALLOC_MIN_LAT_HWCS            28.225 0.000  0.000    15.637 0.000  0.000    5.306  0.000  0.000    3.903  0.000  0.000    1.966  0.000  0.000    1.345  0.000  0.000    1.010  0.000  0.000   
MCTOP_ALLOC_MIN_LAT_CORES           15.144 0.000  0.000    3.849  0.000  0.000    2.574  0.000  0.000    1.935  0.000  0.000    1.000  0.000  0.000    1.176  0.000  0.000    1.015  0.000  0.000   
MCTOP_ALLOC_BW_ROUND_ROBIN_HWCS     10.615 0.000  0.000    6.547  0.000  0.000    4.573  0.000  0.000    3.381  0.000  0.000    1.841  0.000  0.000    1.278  0.000  0.000    1.025  0.000  0.000   
MCTOP_ALLOC_BW_ROUND_ROBIN_CORES    6.834  0.000  0.000    3.438  0.000  0.000    2.324  0.000  0.000    1.842  0.000  0.000    1.008  0.000  0.000    1.154  0.000  0.000    1.030  0.000  0.000   
./bin/diassrv8/hist -- data/hist-2.6g.bmp --
Alloc policy                        10                     20                     30                     40                     80                     120                    160                   
MCTOP_ALLOC_NONE                    49310  0.00   0.00     949    0.00   0.00     2361   0.00   0.00     2165   0.00   0.00     3469   0.00   0.00     3247   0.00   0.00     3297   0.00   0.00    
MCTOP_ALLOC_SEQUENTIAL              526    0.00   0.00     743    0.00   0.00     922    0.00   0.00     1062   0.00   0.00     1000   0.00   0.00     2451   0.00   0.00     3263   0.00   0.00    
MCTOP_ALLOC_MIN_LAT_HWCS            1534   0.00   0.00     883    0.00   0.00     417    0.00   0.00     501    0.00   0.00     1029   0.00   0.00     1806   0.00   0.00     3301   0.00   0.00    
MCTOP_ALLOC_MIN_LAT_CORES           1004   0.00   0.00     797    0.00   0.00     909    0.00   0.00     1086   0.00   0.00     1675   0.00   0.00     2239   0.00   0.00     3157   0.00   0.00    
MCTOP_ALLOC_BW_ROUND_ROBIN_HWCS     779    0.00   0.00     756    0.00   0.00     587    0.00   0.00     850    0.00   0.00     1218   0.00   0.00     2070   0.00   0.00     3332   0.00   0.00    
MCTOP_ALLOC_BW_ROUND_ROBIN_CORES    854    0.00   0.00     1211   0.00   0.00     1212   0.00   0.00     1239   0.00   0.00     1718   0.00   0.00     2301   0.00   0.00     3462   0.00   0.00    
./bin/diassrv8/hist -- VS. seq
MCTOP_ALLOC_NONE                    93.745 0.000  0.000    1.277  0.000  0.000    2.561  0.000  0.000    2.039  0.000  0.000    3.469  0.000  0.000    1.325  0.000  0.000    1.010  0.000  0.000   
MCTOP_ALLOC_SEQUENTIAL              1.000  0.000  0.000    1.000  0.000  0.000    1.000  0.000  0.000    1.000  0.000  0.000    1.000  0.000  0.000    1.000  0.000  0.000    1.000  0.000  0.000   
MCTOP_ALLOC_MIN_LAT_HWCS            2.916  0.000  0.000    1.188  0.000  0.000    0.452  0.000  0.000    0.472  0.000  0.000    1.029  0.000  0.000    0.737  0.000  0.000    1.012  0.000  0.000   
MCTOP_ALLOC_MIN_LAT_CORES           1.909  0.000  0.000    1.073  0.000  0.000    0.986  0.000  0.000    1.023  0.000  0.000    1.675  0.000  0.000    0.914  0.000  0.000    0.968  0.000  0.000   
MCTOP_ALLOC_BW_ROUND_ROBIN_HWCS     1.481  0.000  0.000    1.017  0.000  0.000    0.637  0.000  0.000    0.800  0.000  0.000    1.218  0.000  0.000    0.845  0.000  0.000    1.021  0.000  0.000   
MCTOP_ALLOC_BW_ROUND_ROBIN_CORES    1.624  0.000  0.000    1.630  0.000  0.000    1.315  0.000  0.000    1.167  0.000  0.000    1.718  0.000  0.000    0.939  0.000  0.000    1.061  0.000  0.000   
./bin/diassrv8/hist -- VS. best time
MCTOP_ALLOC_NONE                    118.249 0.000  0.000    2.276  0.000  0.000    5.662  0.000  0.000    5.192  0.000  0.000    8.319  0.000  0.000    7.787  0.000  0.000    7.906  0.000  0.000   
MCTOP_ALLOC_SEQUENTIAL              1.261  0.000  0.000    1.782  0.000  0.000    2.211  0.000  0.000    2.547  0.000  0.000    2.398  0.000  0.000    5.878  0.000  0.000    7.825  0.000  0.000   
MCTOP_ALLOC_MIN_LAT_HWCS            3.679  0.000  0.000    2.118  0.000  0.000    1.000  0.000  0.000    1.201  0.000  0.000    2.468  0.000  0.000    4.331  0.000  0.000    7.916  0.000  0.000   
MCTOP_ALLOC_MIN_LAT_CORES           2.408  0.000  0.000    1.911  0.000  0.000    2.180  0.000  0.000    2.604  0.000  0.000    4.017  0.000  0.000    5.369  0.000  0.000    7.571  0.000  0.000   
MCTOP_ALLOC_BW_ROUND_ROBIN_HWCS     1.868  0.000  0.000    1.813  0.000  0.000    1.408  0.000  0.000    2.038  0.000  0.000    2.921  0.000  0.000    4.964  0.000  0.000    7.990  0.000  0.000   
MCTOP_ALLOC_BW_ROUND_ROBIN_CORES    2.048  0.000  0.000    2.904  0.000  0.000    2.906  0.000  0.000    2.971  0.000  0.000    4.120  0.000  0.000    5.518  0.000  0.000    8.302  0.000  0.000   
./bin/diassrv8/linear_regression -- data/lr_4GB.txt --
Alloc policy                        10                     20                     30                     40                     80                     120                    160                   
MCTOP_ALLOC_NONE                    160217 0.00   0.00     1661   0.00   0.00     2615   0.00   0.00     3431   0.00   0.00     2892   0.00   0.00     2639   0.00   0.00     1226   0.00   0.00    
MCTOP_ALLOC_SEQUENTIAL              846    0.00   0.00     1177   0.00   0.00     1106   0.00   0.00     1673   0.00   0.00     819    0.00   0.00     1332   0.00   0.00     1111   0.00   0.00    
MCTOP_ALLOC_MIN_LAT_HWCS            2638   0.00   0.00     1392   0.00   0.00     555    0.00   0.00     589    0.00   0.00     913    0.00   0.00     1057   0.00   0.00     1108   0.00   0.00    
MCTOP_ALLOC_MIN_LAT_CORES           1622   0.00   0.00     1047   0.00   0.00     1409   0.00   0.00     1607   0.00   0.00     1677   0.00   0.00     1303   0.00   0.00     936    0.00   0.00    
MCTOP_ALLOC_BW_ROUND_ROBIN_HWCS     1128   0.00   0.00     1031   0.00   0.00     966    0.00   0.00     1109   0.00   0.00     847    0.00   0.00     1081   0.00   0.00     1128   0.00   0.00    
MCTOP_ALLOC_BW_ROUND_ROBIN_CORES    1451   0.00   0.00     1347   0.00   0.00     1661   0.00   0.00     1532   0.00   0.00     1589   0.00   0.00     1328   0.00   0.00     1109   0.00   0.00    
./bin/diassrv8/linear_regression -- VS. seq
MCTOP_ALLOC_NONE                    189.382 0.000  0.000    1.411  0.000  0.000    2.364  0.000  0.000    2.051  0.000  0.000    3.531  0.000  0.000    1.981  0.000  0.000    1.104  0.000  0.000   
MCTOP_ALLOC_SEQUENTIAL              1.000  0.000  0.000    1.000  0.000  0.000    1.000  0.000  0.000    1.000  0.000  0.000    1.000  0.000  0.000    1.000  0.000  0.000    1.000  0.000  0.000   
MCTOP_ALLOC_MIN_LAT_HWCS            3.118  0.000  0.000    1.183  0.000  0.000    0.502  0.000  0.000    0.352  0.000  0.000    1.115  0.000  0.000    0.794  0.000  0.000    0.997  0.000  0.000   
MCTOP_ALLOC_MIN_LAT_CORES           1.917  0.000  0.000    0.890  0.000  0.000    1.274  0.000  0.000    0.961  0.000  0.000    2.048  0.000  0.000    0.978  0.000  0.000    0.842  0.000  0.000   
MCTOP_ALLOC_BW_ROUND_ROBIN_HWCS     1.333  0.000  0.000    0.876  0.000  0.000    0.873  0.000  0.000    0.663  0.000  0.000    1.034  0.000  0.000    0.812  0.000  0.000    1.015  0.000  0.000   
MCTOP_ALLOC_BW_ROUND_ROBIN_CORES    1.715  0.000  0.000    1.144  0.000  0.000    1.502  0.000  0.000    0.916  0.000  0.000    1.940  0.000  0.000    0.997  0.000  0.000    0.998  0.000  0.000   
./bin/diassrv8/linear_regression -- VS. best time
MCTOP_ALLOC_NONE                    288.679 0.000  0.000    2.993  0.000  0.000    4.712  0.000  0.000    6.182  0.000  0.000    5.211  0.000  0.000    4.755  0.000  0.000    2.209  0.000  0.000   
MCTOP_ALLOC_SEQUENTIAL              1.524  0.000  0.000    2.121  0.000  0.000    1.993  0.000  0.000    3.014  0.000  0.000    1.476  0.000  0.000    2.400  0.000  0.000    2.002  0.000  0.000   
MCTOP_ALLOC_MIN_LAT_HWCS            4.753  0.000  0.000    2.508  0.000  0.000    1.000  0.000  0.000    1.061  0.000  0.000    1.645  0.000  0.000    1.905  0.000  0.000    1.996  0.000  0.000   
MCTOP_ALLOC_MIN_LAT_CORES           2.923  0.000  0.000    1.886  0.000  0.000    2.539  0.000  0.000    2.895  0.000  0.000    3.022  0.000  0.000    2.348  0.000  0.000    1.686  0.000  0.000   
MCTOP_ALLOC_BW_ROUND_ROBIN_HWCS     2.032  0.000  0.000    1.858  0.000  0.000    1.741  0.000  0.000    1.998  0.000  0.000    1.526  0.000  0.000    1.948  0.000  0.000    2.032  0.000  0.000   
MCTOP_ALLOC_BW_ROUND_ROBIN_CORES    2.614  0.000  0.000    2.427  0.000  0.000    2.993  0.000  0.000    2.760  0.000  0.000    2.863  0.000  0.000    2.393  0.000  0.000    1.998  0.000  0.000   
./bin/diassrv8/string_match -- data/sm_1GB.txt --
Alloc policy                        10                     20                     30                     40                     80                     120                    160                   
MCTOP_ALLOC_NONE                    21038  0.00   0.00     567    0.00   0.00     802    0.00   0.00     824    0.00   0.00     381    0.00   0.00     720    0.00   0.00     412    0.00   0.00    
MCTOP_ALLOC_SEQUENTIAL              1211   0.00   0.00     635    0.00   0.00     435    0.00   0.00     337    0.00   0.00     290    0.00   0.00     340    0.00   0.00     307    0.00   0.00    
MCTOP_ALLOC_MIN_LAT_HWCS            3936   0.00   0.00     2181   0.00   0.00     699    0.00   0.00     548    0.00   0.00     299    0.00   0.00     289    0.00   0.00     306    0.00   0.00    
MCTOP_ALLOC_MIN_LAT_CORES           2497   0.00   0.00     632    0.00   0.00     440    0.00   0.00     346    0.00   0.00     388    0.00   0.00     334    0.00   0.00     309    0.00   0.00    
MCTOP_ALLOC_BW_ROUND_ROBIN_HWCS     1367   0.00   0.00     841    0.00   0.00     609    0.00   0.00     438    0.00   0.00     292    0.00   0.00     312    0.00   0.00     312    0.00   0.00    
MCTOP_ALLOC_BW_ROUND_ROBIN_CORES    1133   0.00   0.00     573    0.00   0.00     403    0.00   0.00     413    0.00   0.00     390    0.00   0.00     358    0.00   0.00     317    0.00   0.00    
./bin/diassrv8/string_match -- VS. seq
MCTOP_ALLOC_NONE                    17.372 0.000  0.000    0.893  0.000  0.000    1.844  0.000  0.000    2.445  0.000  0.000    1.314  0.000  0.000    2.118  0.000  0.000    1.342  0.000  0.000   
MCTOP_ALLOC_SEQUENTIAL              1.000  0.000  0.000    1.000  0.000  0.000    1.000  0.000  0.000    1.000  0.000  0.000    1.000  0.000  0.000    1.000  0.000  0.000    1.000  0.000  0.000   
MCTOP_ALLOC_MIN_LAT_HWCS            3.250  0.000  0.000    3.435  0.000  0.000    1.607  0.000  0.000    1.626  0.000  0.000    1.031  0.000  0.000    0.850  0.000  0.000    0.997  0.000  0.000   
MCTOP_ALLOC_MIN_LAT_CORES           2.062  0.000  0.000    0.995  0.000  0.000    1.011  0.000  0.000    1.027  0.000  0.000    1.338  0.000  0.000    0.982  0.000  0.000    1.007  0.000  0.000   
MCTOP_ALLOC_BW_ROUND_ROBIN_HWCS     1.129  0.000  0.000    1.324  0.000  0.000    1.400  0.000  0.000    1.300  0.000  0.000    1.007  0.000  0.000    0.918  0.000  0.000    1.016  0.000  0.000   
MCTOP_ALLOC_BW_ROUND_ROBIN_CORES    0.936  0.000  0.000    0.902  0.000  0.000    0.926  0.000  0.000    1.226  0.000  0.000    1.345  0.000  0.000    1.053  0.000  0.000    1.033  0.000  0.000   
./bin/diassrv8/string_match -- VS. best time
MCTOP_ALLOC_NONE                    72.796 0.000  0.000    1.962  0.000  0.000    2.775  0.000  0.000    2.851  0.000  0.000    1.318  0.000  0.000    2.491  0.000  0.000    1.426  0.000  0.000   
MCTOP_ALLOC_SEQUENTIAL              4.190  0.000  0.000    2.197  0.000  0.000    1.505  0.000  0.000    1.166  0.000  0.000    1.003  0.000  0.000    1.176  0.000  0.000    1.062  0.000  0.000   
MCTOP_ALLOC_MIN_LAT_HWCS            13.619 0.000  0.000    7.547  0.000  0.000    2.419  0.000  0.000    1.896  0.000  0.000    1.035  0.000  0.000    1.000  0.000  0.000    1.059  0.000  0.000   
MCTOP_ALLOC_MIN_LAT_CORES           8.640  0.000  0.000    2.187  0.000  0.000    1.522  0.000  0.000    1.197  0.000  0.000    1.343  0.000  0.000    1.156  0.000  0.000    1.069  0.000  0.000   
MCTOP_ALLOC_BW_ROUND_ROBIN_HWCS     4.730  0.000  0.000    2.910  0.000  0.000    2.107  0.000  0.000    1.516  0.000  0.000    1.010  0.000  0.000    1.080  0.000  0.000    1.080  0.000  0.000   
MCTOP_ALLOC_BW_ROUND_ROBIN_CORES    3.920  0.000  0.000    1.983  0.000  0.000    1.394  0.000  0.000    1.429  0.000  0.000    1.349  0.000  0.000    1.239  0.000  0.000    1.097  0.000  0.000   
