## Compiling... Done!
./bin/lpd48core/kmeans -- 10 16 5000000 40 --
Alloc policy                        6                      12                     18                     24                     30                     36                     42                     48                    
MCTOP_ALLOC_NONE                    2892   0.00   0.00     2333   0.00   0.00     2088   0.00   0.00     1976   0.00   0.00     1924   0.00   0.00     1926   0.00   0.00     1918   0.00   0.00     1874   0.00   0.00    
MCTOP_ALLOC_SEQUENTIAL              2710   0.00   0.00     2205   0.00   0.00     1926   0.00   0.00     1895   0.00   0.00     3673   0.00   0.00     2187   0.00   0.00     4426   0.00   0.00     3518   0.00   0.00    
MCTOP_ALLOC_MIN_LAT_HWCS            2592   0.00   0.00     2086   0.00   0.00     1923   0.00   0.00     1816   0.00   0.00     1799   0.00   0.00     1905   0.00   0.00     1990   0.00   0.00     2068   0.00   0.00    
MCTOP_ALLOC_MIN_LAT_CORES           2629   0.00   0.00     2069   0.00   0.00     1963   0.00   0.00     1799   0.00   0.00     1836   0.00   0.00     1886   0.00   0.00     4055   0.00   0.00     1998   0.00   0.00    
MCTOP_ALLOC_BW_ROUND_ROBIN_HWCS     2848   0.00   0.00     2137   0.00   0.00     10178  0.00   0.00     1915   0.00   0.00     1922   0.00   0.00     1988   0.00   0.00     2095   0.00   0.00     2154   0.00   0.00    
MCTOP_ALLOC_BW_ROUND_ROBIN_CORES    2887   0.00   0.00     2153   0.00   0.00     1990   0.00   0.00     2016   0.00   0.00     1967   0.00   0.00     2193   0.00   0.00     2043   0.00   0.00     2150   0.00   0.00    
./bin/lpd48core/kmeans -- VS. seq
MCTOP_ALLOC_NONE                    1.067  0.000  0.000    1.058  0.000  0.000    1.084  0.000  0.000    1.043  0.000  0.000    0.524  0.000  0.000    0.881  0.000  0.000    0.433  0.000  0.000    0.533  0.000  0.000   
MCTOP_ALLOC_SEQUENTIAL              1.000  0.000  0.000    1.000  0.000  0.000    1.000  0.000  0.000    1.000  0.000  0.000    1.000  0.000  0.000    1.000  0.000  0.000    1.000  0.000  0.000    1.000  0.000  0.000   
MCTOP_ALLOC_MIN_LAT_HWCS            0.956  0.000  0.000    0.946  0.000  0.000    0.998  0.000  0.000    0.958  0.000  0.000    0.490  0.000  0.000    0.871  0.000  0.000    0.450  0.000  0.000    0.588  0.000  0.000   
MCTOP_ALLOC_MIN_LAT_CORES           0.970  0.000  0.000    0.938  0.000  0.000    1.019  0.000  0.000    0.949  0.000  0.000    0.500  0.000  0.000    0.862  0.000  0.000    0.916  0.000  0.000    0.568  0.000  0.000   
MCTOP_ALLOC_BW_ROUND_ROBIN_HWCS     1.051  0.000  0.000    0.969  0.000  0.000    5.285  0.000  0.000    1.011  0.000  0.000    0.523  0.000  0.000    0.909  0.000  0.000    0.473  0.000  0.000    0.612  0.000  0.000   
MCTOP_ALLOC_BW_ROUND_ROBIN_CORES    1.065  0.000  0.000    0.976  0.000  0.000    1.033  0.000  0.000    1.064  0.000  0.000    0.536  0.000  0.000    1.003  0.000  0.000    0.462  0.000  0.000    0.611  0.000  0.000   
./bin/lpd48core/kmeans -- VS. best time
MCTOP_ALLOC_NONE                    1.608  0.000  0.000    1.297  0.000  0.000    1.161  0.000  0.000    1.098  0.000  0.000    1.069  0.000  0.000    1.071  0.000  0.000    1.066  0.000  0.000    1.042  0.000  0.000   
MCTOP_ALLOC_SEQUENTIAL              1.506  0.000  0.000    1.226  0.000  0.000    1.071  0.000  0.000    1.053  0.000  0.000    2.042  0.000  0.000    1.216  0.000  0.000    2.460  0.000  0.000    1.956  0.000  0.000   
MCTOP_ALLOC_MIN_LAT_HWCS            1.441  0.000  0.000    1.160  0.000  0.000    1.069  0.000  0.000    1.009  0.000  0.000    1.000  0.000  0.000    1.059  0.000  0.000    1.106  0.000  0.000    1.150  0.000  0.000   
MCTOP_ALLOC_MIN_LAT_CORES           1.461  0.000  0.000    1.150  0.000  0.000    1.091  0.000  0.000    1.000  0.000  0.000    1.021  0.000  0.000    1.048  0.000  0.000    2.254  0.000  0.000    1.111  0.000  0.000   
MCTOP_ALLOC_BW_ROUND_ROBIN_HWCS     1.583  0.000  0.000    1.188  0.000  0.000    5.658  0.000  0.000    1.064  0.000  0.000    1.068  0.000  0.000    1.105  0.000  0.000    1.165  0.000  0.000    1.197  0.000  0.000   
MCTOP_ALLOC_BW_ROUND_ROBIN_CORES    1.605  0.000  0.000    1.197  0.000  0.000    1.106  0.000  0.000    1.121  0.000  0.000    1.093  0.000  0.000    1.219  0.000  0.000    1.136  0.000  0.000    1.195  0.000  0.000   
./bin/lpd48core/kmeans -- 10 32 50000000 80 --
Alloc policy                        6                      12                     18                     24                     30                     36                     42                     48                    
MCTOP_ALLOC_NONE                    40547  0.00   0.00     27398  0.00   0.00     24163  0.00   0.00     23615  0.00   0.00     23750  0.00   0.00     22328  0.00   0.00     22131  0.00   0.00     21524  0.00   0.00    
MCTOP_ALLOC_SEQUENTIAL              39126  0.00   0.00     26369  0.00   0.00     22507  0.00   0.00     22813  0.00   0.00     67456  0.00   0.00     22071  0.00   0.00     21788  0.00   0.00     21229  0.00   0.00    
MCTOP_ALLOC_MIN_LAT_HWCS            37054  0.00   0.00     23250  0.00   0.00     21575  0.00   0.00     21352  0.00   0.00     22030  0.00   0.00     22030  0.00   0.00     64029  0.00   0.00     45603  0.00   0.00    
MCTOP_ALLOC_MIN_LAT_CORES           37730  0.00   0.00     23513  0.00   0.00     22031  0.00   0.00     21928  0.00   0.00     28543  0.00   0.00     22442  0.00   0.00     45792  0.00   0.00     82308  0.00   0.00    
MCTOP_ALLOC_BW_ROUND_ROBIN_HWCS     40503  0.00   0.00     26570  0.00   0.00     23943  0.00   0.00     23385  0.00   0.00     92878  0.00   0.00     78657  0.00   0.00     85555  0.00   0.00     22718  0.00   0.00    
MCTOP_ALLOC_BW_ROUND_ROBIN_CORES    39432  0.00   0.00     26700  0.00   0.00     24448  0.00   0.00     23928  0.00   0.00     71819  0.00   0.00     69975  0.00   0.00     88014  0.00   0.00     22879  0.00   0.00    
./bin/lpd48core/kmeans -- VS. seq
MCTOP_ALLOC_NONE                    1.036  0.000  0.000    1.039  0.000  0.000    1.074  0.000  0.000    1.035  0.000  0.000    0.352  0.000  0.000    1.012  0.000  0.000    1.016  0.000  0.000    1.014  0.000  0.000   
MCTOP_ALLOC_SEQUENTIAL              1.000  0.000  0.000    1.000  0.000  0.000    1.000  0.000  0.000    1.000  0.000  0.000    1.000  0.000  0.000    1.000  0.000  0.000    1.000  0.000  0.000    1.000  0.000  0.000   
MCTOP_ALLOC_MIN_LAT_HWCS            0.947  0.000  0.000    0.882  0.000  0.000    0.959  0.000  0.000    0.936  0.000  0.000    0.327  0.000  0.000    0.998  0.000  0.000    2.939  0.000  0.000    2.148  0.000  0.000   
MCTOP_ALLOC_MIN_LAT_CORES           0.964  0.000  0.000    0.892  0.000  0.000    0.979  0.000  0.000    0.961  0.000  0.000    0.423  0.000  0.000    1.017  0.000  0.000    2.102  0.000  0.000    3.877  0.000  0.000   
MCTOP_ALLOC_BW_ROUND_ROBIN_HWCS     1.035  0.000  0.000    1.008  0.000  0.000    1.064  0.000  0.000    1.025  0.000  0.000    1.377  0.000  0.000    3.564  0.000  0.000    3.927  0.000  0.000    1.070  0.000  0.000   
MCTOP_ALLOC_BW_ROUND_ROBIN_CORES    1.008  0.000  0.000    1.013  0.000  0.000    1.086  0.000  0.000    1.049  0.000  0.000    1.065  0.000  0.000    3.170  0.000  0.000    4.040  0.000  0.000    1.078  0.000  0.000   
./bin/lpd48core/kmeans -- VS. best time
MCTOP_ALLOC_NONE                    1.910  0.000  0.000    1.291  0.000  0.000    1.138  0.000  0.000    1.112  0.000  0.000    1.119  0.000  0.000    1.052  0.000  0.000    1.042  0.000  0.000    1.014  0.000  0.000   
MCTOP_ALLOC_SEQUENTIAL              1.843  0.000  0.000    1.242  0.000  0.000    1.060  0.000  0.000    1.075  0.000  0.000    3.178  0.000  0.000    1.040  0.000  0.000    1.026  0.000  0.000    1.000  0.000  0.000   
MCTOP_ALLOC_MIN_LAT_HWCS            1.745  0.000  0.000    1.095  0.000  0.000    1.016  0.000  0.000    1.006  0.000  0.000    1.038  0.000  0.000    1.038  0.000  0.000    3.016  0.000  0.000    2.148  0.000  0.000   
MCTOP_ALLOC_MIN_LAT_CORES           1.777  0.000  0.000    1.108  0.000  0.000    1.038  0.000  0.000    1.033  0.000  0.000    1.345  0.000  0.000    1.057  0.000  0.000    2.157  0.000  0.000    3.877  0.000  0.000   
MCTOP_ALLOC_BW_ROUND_ROBIN_HWCS     1.908  0.000  0.000    1.252  0.000  0.000    1.128  0.000  0.000    1.102  0.000  0.000    4.375  0.000  0.000    3.705  0.000  0.000    4.030  0.000  0.000    1.070  0.000  0.000   
MCTOP_ALLOC_BW_ROUND_ROBIN_CORES    1.857  0.000  0.000    1.258  0.000  0.000    1.152  0.000  0.000    1.127  0.000  0.000    3.383  0.000  0.000    3.296  0.000  0.000    4.146  0.000  0.000    1.078  0.000  0.000   
./bin/lpd48core/mean -- -N10240000000 --
Alloc policy                        6                      12                     18                     24                     30                     36                     42                     48                    
MCTOP_ALLOC_NONE                    10761  0.00   0.00     10991  0.00   0.00     10296  0.00   0.00     10132  0.00   0.00     9842   0.00   0.00     9986   0.00   0.00     10018  0.00   0.00     9854   0.00   0.00    
MCTOP_ALLOC_SEQUENTIAL              28709  0.00   0.00     20532  0.00   0.00     13474  0.00   0.00     13898  0.00   0.00     10950  0.00   0.00     10250  0.00   0.00     10018  0.00   0.00     10092  0.00   0.00    
MCTOP_ALLOC_MIN_LAT_HWCS            22660  0.00   0.00     19786  0.00   0.00     14795  0.00   0.00     11320  0.00   0.00     10898  0.00   0.00     9783   0.00   0.00     9930   0.00   0.00     9846   0.00   0.00    
MCTOP_ALLOC_MIN_LAT_CORES           22560  0.00   0.00     19778  0.00   0.00     14796  0.00   0.00     11310  0.00   0.00     10881  0.00   0.00     9816   0.00   0.00     9918   0.00   0.00     9845   0.00   0.00    
MCTOP_ALLOC_BW_ROUND_ROBIN_HWCS     10049  0.00   0.00     10277  0.00   0.00     10333  0.00   0.00     10106  0.00   0.00     9994   0.00   0.00     10069  0.00   0.00     9899   0.00   0.00     9831   0.00   0.00    
MCTOP_ALLOC_BW_ROUND_ROBIN_CORES    10044  0.00   0.00     10274  0.00   0.00     10270  0.00   0.00     10113  0.00   0.00     10034  0.00   0.00     10074  0.00   0.00     9891   0.00   0.00     9832   0.00   0.00    
./bin/lpd48core/mean -- VS. seq
MCTOP_ALLOC_NONE                    0.375  0.000  0.000    0.535  0.000  0.000    0.764  0.000  0.000    0.729  0.000  0.000    0.899  0.000  0.000    0.974  0.000  0.000    1.000  0.000  0.000    0.976  0.000  0.000   
MCTOP_ALLOC_SEQUENTIAL              1.000  0.000  0.000    1.000  0.000  0.000    1.000  0.000  0.000    1.000  0.000  0.000    1.000  0.000  0.000    1.000  0.000  0.000    1.000  0.000  0.000    1.000  0.000  0.000   
MCTOP_ALLOC_MIN_LAT_HWCS            0.789  0.000  0.000    0.964  0.000  0.000    1.098  0.000  0.000    0.815  0.000  0.000    0.995  0.000  0.000    0.954  0.000  0.000    0.991  0.000  0.000    0.976  0.000  0.000   
MCTOP_ALLOC_MIN_LAT_CORES           0.786  0.000  0.000    0.963  0.000  0.000    1.098  0.000  0.000    0.814  0.000  0.000    0.994  0.000  0.000    0.958  0.000  0.000    0.990  0.000  0.000    0.976  0.000  0.000   
MCTOP_ALLOC_BW_ROUND_ROBIN_HWCS     0.350  0.000  0.000    0.501  0.000  0.000    0.767  0.000  0.000    0.727  0.000  0.000    0.913  0.000  0.000    0.982  0.000  0.000    0.988  0.000  0.000    0.974  0.000  0.000   
MCTOP_ALLOC_BW_ROUND_ROBIN_CORES    0.350  0.000  0.000    0.500  0.000  0.000    0.762  0.000  0.000    0.728  0.000  0.000    0.916  0.000  0.000    0.983  0.000  0.000    0.987  0.000  0.000    0.974  0.000  0.000   
./bin/lpd48core/mean -- VS. best time
MCTOP_ALLOC_NONE                    1.100  0.000  0.000    1.123  0.000  0.000    1.052  0.000  0.000    1.036  0.000  0.000    1.006  0.000  0.000    1.021  0.000  0.000    1.024  0.000  0.000    1.007  0.000  0.000   
MCTOP_ALLOC_SEQUENTIAL              2.935  0.000  0.000    2.099  0.000  0.000    1.377  0.000  0.000    1.421  0.000  0.000    1.119  0.000  0.000    1.048  0.000  0.000    1.024  0.000  0.000    1.032  0.000  0.000   
MCTOP_ALLOC_MIN_LAT_HWCS            2.316  0.000  0.000    2.022  0.000  0.000    1.512  0.000  0.000    1.157  0.000  0.000    1.114  0.000  0.000    1.000  0.000  0.000    1.015  0.000  0.000    1.006  0.000  0.000   
MCTOP_ALLOC_MIN_LAT_CORES           2.306  0.000  0.000    2.022  0.000  0.000    1.512  0.000  0.000    1.156  0.000  0.000    1.112  0.000  0.000    1.003  0.000  0.000    1.014  0.000  0.000    1.006  0.000  0.000   
MCTOP_ALLOC_BW_ROUND_ROBIN_HWCS     1.027  0.000  0.000    1.050  0.000  0.000    1.056  0.000  0.000    1.033  0.000  0.000    1.022  0.000  0.000    1.029  0.000  0.000    1.012  0.000  0.000    1.005  0.000  0.000   
MCTOP_ALLOC_BW_ROUND_ROBIN_CORES    1.027  0.000  0.000    1.050  0.000  0.000    1.050  0.000  0.000    1.034  0.000  0.000    1.026  0.000  0.000    1.030  0.000  0.000    1.011  0.000  0.000    1.005  0.000  0.000   
./bin/lpd48core/pca -- -R 2048 -C 2048 --
Alloc policy                        6                      12                     18                     24                     30                     36                     42                     48                    
MCTOP_ALLOC_NONE                    3518   0.00   0.00     2813   0.00   0.00     2379   0.00   0.00     2018   0.00   0.00     1990   0.00   0.00     1930   0.00   0.00     1932   0.00   0.00     1985   0.00   0.00    
MCTOP_ALLOC_SEQUENTIAL              4475   0.00   0.00     6063   0.00   0.00     2711   0.00   0.00     2732   0.00   0.00     2321   0.00   0.00     2121   0.00   0.00     1937   0.00   0.00     1851   0.00   0.00    
MCTOP_ALLOC_MIN_LAT_HWCS            2937   0.00   0.00     2072   0.00   0.00     2037   0.00   0.00     1872   0.00   0.00     1805   0.00   0.00     1722   0.00   0.00     1900   0.00   0.00     1973   0.00   0.00    
MCTOP_ALLOC_MIN_LAT_CORES           2877   0.00   0.00     2306   0.00   0.00     2062   0.00   0.00     1903   0.00   0.00     1832   0.00   0.00     1776   0.00   0.00     1899   0.00   0.00     2015   0.00   0.00    
MCTOP_ALLOC_BW_ROUND_ROBIN_HWCS     3450   0.00   0.00     2154   0.00   0.00     1994   0.00   0.00     2004   0.00   0.00     2022   0.00   0.00     1843   0.00   0.00     1919   0.00   0.00     2022   0.00   0.00    
MCTOP_ALLOC_BW_ROUND_ROBIN_CORES    3478   0.00   0.00     2249   0.00   0.00     2046   0.00   0.00     2018   0.00   0.00     1975   0.00   0.00     1823   0.00   0.00     2001   0.00   0.00     2190   0.00   0.00    
./bin/lpd48core/pca -- VS. seq
MCTOP_ALLOC_NONE                    0.786  0.000  0.000    0.464  0.000  0.000    0.878  0.000  0.000    0.739  0.000  0.000    0.857  0.000  0.000    0.910  0.000  0.000    0.997  0.000  0.000    1.072  0.000  0.000   
MCTOP_ALLOC_SEQUENTIAL              1.000  0.000  0.000    1.000  0.000  0.000    1.000  0.000  0.000    1.000  0.000  0.000    1.000  0.000  0.000    1.000  0.000  0.000    1.000  0.000  0.000    1.000  0.000  0.000   
MCTOP_ALLOC_MIN_LAT_HWCS            0.656  0.000  0.000    0.342  0.000  0.000    0.751  0.000  0.000    0.685  0.000  0.000    0.778  0.000  0.000    0.812  0.000  0.000    0.981  0.000  0.000    1.066  0.000  0.000   
MCTOP_ALLOC_MIN_LAT_CORES           0.643  0.000  0.000    0.380  0.000  0.000    0.761  0.000  0.000    0.697  0.000  0.000    0.789  0.000  0.000    0.837  0.000  0.000    0.980  0.000  0.000    1.089  0.000  0.000   
MCTOP_ALLOC_BW_ROUND_ROBIN_HWCS     0.771  0.000  0.000    0.355  0.000  0.000    0.736  0.000  0.000    0.734  0.000  0.000    0.871  0.000  0.000    0.869  0.000  0.000    0.991  0.000  0.000    1.092  0.000  0.000   
MCTOP_ALLOC_BW_ROUND_ROBIN_CORES    0.777  0.000  0.000    0.371  0.000  0.000    0.755  0.000  0.000    0.739  0.000  0.000    0.851  0.000  0.000    0.860  0.000  0.000    1.033  0.000  0.000    1.183  0.000  0.000   
./bin/lpd48core/pca -- VS. best time
MCTOP_ALLOC_NONE                    2.043  0.000  0.000    1.634  0.000  0.000    1.382  0.000  0.000    1.172  0.000  0.000    1.156  0.000  0.000    1.121  0.000  0.000    1.122  0.000  0.000    1.153  0.000  0.000   
MCTOP_ALLOC_SEQUENTIAL              2.599  0.000  0.000    3.521  0.000  0.000    1.574  0.000  0.000    1.587  0.000  0.000    1.348  0.000  0.000    1.232  0.000  0.000    1.125  0.000  0.000    1.075  0.000  0.000   
MCTOP_ALLOC_MIN_LAT_HWCS            1.706  0.000  0.000    1.203  0.000  0.000    1.183  0.000  0.000    1.087  0.000  0.000    1.048  0.000  0.000    1.000  0.000  0.000    1.103  0.000  0.000    1.146  0.000  0.000   
MCTOP_ALLOC_MIN_LAT_CORES           1.671  0.000  0.000    1.339  0.000  0.000    1.197  0.000  0.000    1.105  0.000  0.000    1.064  0.000  0.000    1.031  0.000  0.000    1.103  0.000  0.000    1.170  0.000  0.000   
MCTOP_ALLOC_BW_ROUND_ROBIN_HWCS     2.003  0.000  0.000    1.251  0.000  0.000    1.158  0.000  0.000    1.164  0.000  0.000    1.174  0.000  0.000    1.070  0.000  0.000    1.114  0.000  0.000    1.174  0.000  0.000   
MCTOP_ALLOC_BW_ROUND_ROBIN_CORES    2.020  0.000  0.000    1.306  0.000  0.000    1.188  0.000  0.000    1.172  0.000  0.000    1.147  0.000  0.000    1.059  0.000  0.000    1.162  0.000  0.000    1.272  0.000  0.000   
./bin/lpd48core/pca -- -R 8192 -C 8192 --
Alloc policy                        6                      12                     18                     24                     30                     36                     42                     48                    
MCTOP_ALLOC_NONE                    243416 0.00   0.00     131474 0.00   0.00     100857 0.00   0.00     111971 0.00   0.00     117882 0.00   0.00     110657 0.00   0.00     91575  0.00   0.00     91580  0.00   0.00    
MCTOP_ALLOC_SEQUENTIAL              173308 0.00   0.00     189734 0.00   0.00     130816 0.00   0.00     122225 0.00   0.00     106915 0.00   0.00     107866 0.00   0.00     95643  0.00   0.00     86767  0.00   0.00    
MCTOP_ALLOC_MIN_LAT_HWCS            167329 0.00   0.00     190827 0.00   0.00     170363 0.00   0.00     168356 0.00   0.00     168254 0.00   0.00     170645 0.00   0.00     171811 0.00   0.00     174106 0.00   0.00    
MCTOP_ALLOC_MIN_LAT_CORES           165043 0.00   0.00     180621 0.00   0.00     171608 0.00   0.00     169910 0.00   0.00     169614 0.00   0.00     170319 0.00   0.00     172829 0.00   0.00     172944 0.00   0.00    
MCTOP_ALLOC_BW_ROUND_ROBIN_HWCS     232313 0.00   0.00     180198 0.00   0.00     178131 0.00   0.00     176384 0.00   0.00     175383 0.00   0.00     173970 0.00   0.00     174017 0.00   0.00     174268 0.00   0.00    
MCTOP_ALLOC_BW_ROUND_ROBIN_CORES    230660 0.00   0.00     176971 0.00   0.00     179217 0.00   0.00     177687 0.00   0.00     174842 0.00   0.00     173250 0.00   0.00     173767 0.00   0.00     174145 0.00   0.00    
./bin/lpd48core/pca -- VS. seq
MCTOP_ALLOC_NONE                    1.405  0.000  0.000    0.693  0.000  0.000    0.771  0.000  0.000    0.916  0.000  0.000    1.103  0.000  0.000    1.026  0.000  0.000    0.957  0.000  0.000    1.055  0.000  0.000   
MCTOP_ALLOC_SEQUENTIAL              1.000  0.000  0.000    1.000  0.000  0.000    1.000  0.000  0.000    1.000  0.000  0.000    1.000  0.000  0.000    1.000  0.000  0.000    1.000  0.000  0.000    1.000  0.000  0.000   
MCTOP_ALLOC_MIN_LAT_HWCS            0.966  0.000  0.000    1.006  0.000  0.000    1.302  0.000  0.000    1.377  0.000  0.000    1.574  0.000  0.000    1.582  0.000  0.000    1.796  0.000  0.000    2.007  0.000  0.000   
MCTOP_ALLOC_MIN_LAT_CORES           0.952  0.000  0.000    0.952  0.000  0.000    1.312  0.000  0.000    1.390  0.000  0.000    1.586  0.000  0.000    1.579  0.000  0.000    1.807  0.000  0.000    1.993  0.000  0.000   
MCTOP_ALLOC_BW_ROUND_ROBIN_HWCS     1.340  0.000  0.000    0.950  0.000  0.000    1.362  0.000  0.000    1.443  0.000  0.000    1.640  0.000  0.000    1.613  0.000  0.000    1.819  0.000  0.000    2.008  0.000  0.000   
MCTOP_ALLOC_BW_ROUND_ROBIN_CORES    1.331  0.000  0.000    0.933  0.000  0.000    1.370  0.000  0.000    1.454  0.000  0.000    1.635  0.000  0.000    1.606  0.000  0.000    1.817  0.000  0.000    2.007  0.000  0.000   
./bin/lpd48core/pca -- VS. best time
MCTOP_ALLOC_NONE                    2.805  0.000  0.000    1.515  0.000  0.000    1.162  0.000  0.000    1.290  0.000  0.000    1.359  0.000  0.000    1.275  0.000  0.000    1.055  0.000  0.000    1.055  0.000  0.000   
MCTOP_ALLOC_SEQUENTIAL              1.997  0.000  0.000    2.187  0.000  0.000    1.508  0.000  0.000    1.409  0.000  0.000    1.232  0.000  0.000    1.243  0.000  0.000    1.102  0.000  0.000    1.000  0.000  0.000   
MCTOP_ALLOC_MIN_LAT_HWCS            1.928  0.000  0.000    2.199  0.000  0.000    1.963  0.000  0.000    1.940  0.000  0.000    1.939  0.000  0.000    1.967  0.000  0.000    1.980  0.000  0.000    2.007  0.000  0.000   
MCTOP_ALLOC_MIN_LAT_CORES           1.902  0.000  0.000    2.082  0.000  0.000    1.978  0.000  0.000    1.958  0.000  0.000    1.955  0.000  0.000    1.963  0.000  0.000    1.992  0.000  0.000    1.993  0.000  0.000   
MCTOP_ALLOC_BW_ROUND_ROBIN_HWCS     2.677  0.000  0.000    2.077  0.000  0.000    2.053  0.000  0.000    2.033  0.000  0.000    2.021  0.000  0.000    2.005  0.000  0.000    2.006  0.000  0.000    2.008  0.000  0.000   
MCTOP_ALLOC_BW_ROUND_ROBIN_CORES    2.658  0.000  0.000    2.040  0.000  0.000    2.065  0.000  0.000    2.048  0.000  0.000    2.015  0.000  0.000    1.997  0.000  0.000    2.003  0.000  0.000    2.007  0.000  0.000   
./bin/lpd48core/wc -- data/wc/300MB_1M_Keys.txt --
Alloc policy                        6                      12                     18                     24                     30                     36                     42                     48                    
MCTOP_ALLOC_NONE                    17000  0.00   0.00     9215   0.00   0.00     7125   0.00   0.00     6157   0.00   0.00     6100   0.00   0.00     5637   0.00   0.00     5446   0.00   0.00     5657   0.00   0.00    
MCTOP_ALLOC_SEQUENTIAL              14839  0.00   0.00     10156  0.00   0.00     8195   0.00   0.00     8070   0.00   0.00     6570   0.00   0.00     6135   0.00   0.00     5485   0.00   0.00     5425   0.00   0.00    
MCTOP_ALLOC_MIN_LAT_HWCS            14793  0.00   0.00     7610   0.00   0.00     5513   0.00   0.00     4458   0.00   0.00     4007   0.00   0.00     3781   0.00   0.00     3432   0.00   0.00     3295   0.00   0.00    
MCTOP_ALLOC_MIN_LAT_CORES           14795  0.00   0.00     7579   0.00   0.00     5655   0.00   0.00     4427   0.00   0.00     3885   0.00   0.00     3737   0.00   0.00     3438   0.00   0.00     3379   0.00   0.00    
MCTOP_ALLOC_BW_ROUND_ROBIN_HWCS     11033  0.00   0.00     6162   0.00   0.00     4673   0.00   0.00     3997   0.00   0.00     3697   0.00   0.00     3295   0.00   0.00     3255   0.00   0.00     3565   0.00   0.00    
MCTOP_ALLOC_BW_ROUND_ROBIN_CORES    10900  0.00   0.00     6183   0.00   0.00     4702   0.00   0.00     4027   0.00   0.00     3624   0.00   0.00     3637   0.00   0.00     3448   0.00   0.00     3441   0.00   0.00    
./bin/lpd48core/wc -- VS. seq
MCTOP_ALLOC_NONE                    1.146  0.000  0.000    0.907  0.000  0.000    0.869  0.000  0.000    0.763  0.000  0.000    0.928  0.000  0.000    0.919  0.000  0.000    0.993  0.000  0.000    1.043  0.000  0.000   
MCTOP_ALLOC_SEQUENTIAL              1.000  0.000  0.000    1.000  0.000  0.000    1.000  0.000  0.000    1.000  0.000  0.000    1.000  0.000  0.000    1.000  0.000  0.000    1.000  0.000  0.000    1.000  0.000  0.000   
MCTOP_ALLOC_MIN_LAT_HWCS            0.997  0.000  0.000    0.749  0.000  0.000    0.673  0.000  0.000    0.552  0.000  0.000    0.610  0.000  0.000    0.616  0.000  0.000    0.626  0.000  0.000    0.607  0.000  0.000   
MCTOP_ALLOC_MIN_LAT_CORES           0.997  0.000  0.000    0.746  0.000  0.000    0.690  0.000  0.000    0.549  0.000  0.000    0.591  0.000  0.000    0.609  0.000  0.000    0.627  0.000  0.000    0.623  0.000  0.000   
MCTOP_ALLOC_BW_ROUND_ROBIN_HWCS     0.744  0.000  0.000    0.607  0.000  0.000    0.570  0.000  0.000    0.495  0.000  0.000    0.563  0.000  0.000    0.537  0.000  0.000    0.593  0.000  0.000    0.657  0.000  0.000   
MCTOP_ALLOC_BW_ROUND_ROBIN_CORES    0.735  0.000  0.000    0.609  0.000  0.000    0.574  0.000  0.000    0.499  0.000  0.000    0.552  0.000  0.000    0.593  0.000  0.000    0.629  0.000  0.000    0.634  0.000  0.000   
./bin/lpd48core/wc -- VS. best time
MCTOP_ALLOC_NONE                    5.223  0.000  0.000    2.831  0.000  0.000    2.189  0.000  0.000    1.892  0.000  0.000    1.874  0.000  0.000    1.732  0.000  0.000    1.673  0.000  0.000    1.738  0.000  0.000   
MCTOP_ALLOC_SEQUENTIAL              4.559  0.000  0.000    3.120  0.000  0.000    2.518  0.000  0.000    2.479  0.000  0.000    2.018  0.000  0.000    1.885  0.000  0.000    1.685  0.000  0.000    1.667  0.000  0.000   
MCTOP_ALLOC_MIN_LAT_HWCS            4.545  0.000  0.000    2.338  0.000  0.000    1.694  0.000  0.000    1.370  0.000  0.000    1.231  0.000  0.000    1.162  0.000  0.000    1.054  0.000  0.000    1.012  0.000  0.000   
MCTOP_ALLOC_MIN_LAT_CORES           4.545  0.000  0.000    2.328  0.000  0.000    1.737  0.000  0.000    1.360  0.000  0.000    1.194  0.000  0.000    1.148  0.000  0.000    1.056  0.000  0.000    1.038  0.000  0.000   
MCTOP_ALLOC_BW_ROUND_ROBIN_HWCS     3.390  0.000  0.000    1.893  0.000  0.000    1.436  0.000  0.000    1.228  0.000  0.000    1.136  0.000  0.000    1.012  0.000  0.000    1.000  0.000  0.000    1.095  0.000  0.000   
MCTOP_ALLOC_BW_ROUND_ROBIN_CORES    3.349  0.000  0.000    1.900  0.000  0.000    1.445  0.000  0.000    1.237  0.000  0.000    1.113  0.000  0.000    1.117  0.000  0.000    1.059  0.000  0.000    1.057  0.000  0.000   
./bin/lpd48core/wc -- data/wc/100MB.txt --
Alloc policy                        6                      12                     18                     24                     30                     36                     42                     48                    
MCTOP_ALLOC_NONE                    4385   0.00   0.00     2397   0.00   0.00     1939   0.00   0.00     1612   0.00   0.00     1569   0.00   0.00     1566   0.00   0.00     1655   0.00   0.00     1969   0.00   0.00    
MCTOP_ALLOC_SEQUENTIAL              4030   0.00   0.00     2822   0.00   0.00     2227   0.00   0.00     2096   0.00   0.00     1801   0.00   0.00     1662   0.00   0.00     1760   0.00   0.00     1756   0.00   0.00    
MCTOP_ALLOC_MIN_LAT_HWCS            4058   0.00   0.00     2204   0.00   0.00     1578   0.00   0.00     1261   0.00   0.00     1178   0.00   0.00     1022   0.00   0.00     1145   0.00   0.00     1149   0.00   0.00    
MCTOP_ALLOC_MIN_LAT_CORES           4034   0.00   0.00     2268   0.00   0.00     1589   0.00   0.00     1337   0.00   0.00     1173   0.00   0.00     1095   0.00   0.00     1009   0.00   0.00     1151   0.00   0.00    
MCTOP_ALLOC_BW_ROUND_ROBIN_HWCS     3235   0.00   0.00     1841   0.00   0.00     1396   0.00   0.00     1140   0.00   0.00     1099   0.00   0.00     977    0.00   0.00     988    0.00   0.00     1010   0.00   0.00    
MCTOP_ALLOC_BW_ROUND_ROBIN_CORES    3257   0.00   0.00     1794   0.00   0.00     1346   0.00   0.00     1136   0.00   0.00     1078   0.00   0.00     987    0.00   0.00     1081   0.00   0.00     1058   0.00   0.00    
./bin/lpd48core/wc -- VS. seq
MCTOP_ALLOC_NONE                    1.088  0.000  0.000    0.849  0.000  0.000    0.871  0.000  0.000    0.769  0.000  0.000    0.871  0.000  0.000    0.942  0.000  0.000    0.940  0.000  0.000    1.121  0.000  0.000   
MCTOP_ALLOC_SEQUENTIAL              1.000  0.000  0.000    1.000  0.000  0.000    1.000  0.000  0.000    1.000  0.000  0.000    1.000  0.000  0.000    1.000  0.000  0.000    1.000  0.000  0.000    1.000  0.000  0.000   
MCTOP_ALLOC_MIN_LAT_HWCS            1.007  0.000  0.000    0.781  0.000  0.000    0.709  0.000  0.000    0.602  0.000  0.000    0.654  0.000  0.000    0.615  0.000  0.000    0.651  0.000  0.000    0.654  0.000  0.000   
MCTOP_ALLOC_MIN_LAT_CORES           1.001  0.000  0.000    0.804  0.000  0.000    0.714  0.000  0.000    0.638  0.000  0.000    0.651  0.000  0.000    0.659  0.000  0.000    0.573  0.000  0.000    0.655  0.000  0.000   
MCTOP_ALLOC_BW_ROUND_ROBIN_HWCS     0.803  0.000  0.000    0.652  0.000  0.000    0.627  0.000  0.000    0.544  0.000  0.000    0.610  0.000  0.000    0.588  0.000  0.000    0.561  0.000  0.000    0.575  0.000  0.000   
MCTOP_ALLOC_BW_ROUND_ROBIN_CORES    0.808  0.000  0.000    0.636  0.000  0.000    0.604  0.000  0.000    0.542  0.000  0.000    0.599  0.000  0.000    0.594  0.000  0.000    0.614  0.000  0.000    0.603  0.000  0.000   
./bin/lpd48core/wc -- VS. best time
MCTOP_ALLOC_NONE                    4.488  0.000  0.000    2.453  0.000  0.000    1.985  0.000  0.000    1.650  0.000  0.000    1.606  0.000  0.000    1.603  0.000  0.000    1.694  0.000  0.000    2.015  0.000  0.000   
MCTOP_ALLOC_SEQUENTIAL              4.125  0.000  0.000    2.888  0.000  0.000    2.279  0.000  0.000    2.145  0.000  0.000    1.843  0.000  0.000    1.701  0.000  0.000    1.801  0.000  0.000    1.797  0.000  0.000   
MCTOP_ALLOC_MIN_LAT_HWCS            4.154  0.000  0.000    2.256  0.000  0.000    1.615  0.000  0.000    1.291  0.000  0.000    1.206  0.000  0.000    1.046  0.000  0.000    1.172  0.000  0.000    1.176  0.000  0.000   
MCTOP_ALLOC_MIN_LAT_CORES           4.129  0.000  0.000    2.321  0.000  0.000    1.626  0.000  0.000    1.368  0.000  0.000    1.201  0.000  0.000    1.121  0.000  0.000    1.033  0.000  0.000    1.178  0.000  0.000   
MCTOP_ALLOC_BW_ROUND_ROBIN_HWCS     3.311  0.000  0.000    1.884  0.000  0.000    1.429  0.000  0.000    1.167  0.000  0.000    1.125  0.000  0.000    1.000  0.000  0.000    1.011  0.000  0.000    1.034  0.000  0.000   
MCTOP_ALLOC_BW_ROUND_ROBIN_CORES    3.334  0.000  0.000    1.836  0.000  0.000    1.378  0.000  0.000    1.163  0.000  0.000    1.103  0.000  0.000    1.010  0.000  0.000    1.106  0.000  0.000    1.083  0.000  0.000   
./bin/lpd48core/wr -- data/wr/800MB.txt --
Alloc policy                        6                      12                     18                     24                     30                     36                     42                     48                    
MCTOP_ALLOC_NONE                    31923  0.00   0.00     17986  0.00   0.00     13685  0.00   0.00     12952  0.00   0.00     12370  0.00   0.00     13410  0.00   0.00     14183  0.00   0.00     15046  0.00   0.00    
MCTOP_ALLOC_SEQUENTIAL              26687  0.00   0.00     19486  0.00   0.00     15366  0.00   0.00     16320  0.00   0.00     13934  0.00   0.00     13952  0.00   0.00     13570  0.00   0.00     14716  0.00   0.00    
MCTOP_ALLOC_MIN_LAT_HWCS            26644  0.00   0.00     14439  0.00   0.00     10894  0.00   0.00     9428   0.00   0.00     9049   0.00   0.00     9458   0.00   0.00     10196  0.00   0.00     10620  0.00   0.00    
MCTOP_ALLOC_MIN_LAT_CORES           26568  0.00   0.00     14615  0.00   0.00     11023  0.00   0.00     9707   0.00   0.00     8904   0.00   0.00     10310  0.00   0.00     10107  0.00   0.00     11418  0.00   0.00    
MCTOP_ALLOC_BW_ROUND_ROBIN_HWCS     19903  0.00   0.00     11668  0.00   0.00     9043   0.00   0.00     8070   0.00   0.00     8631   0.00   0.00     8842   0.00   0.00     9696   0.00   0.00     10600  0.00   0.00    
MCTOP_ALLOC_BW_ROUND_ROBIN_CORES    19554  0.00   0.00     11655  0.00   0.00     9042   0.00   0.00     8295   0.00   0.00     8910   0.00   0.00     8668   0.00   0.00     10089  0.00   0.00     10867  0.00   0.00    
./bin/lpd48core/wr -- VS. seq
MCTOP_ALLOC_NONE                    1.196  0.000  0.000    0.923  0.000  0.000    0.891  0.000  0.000    0.794  0.000  0.000    0.888  0.000  0.000    0.961  0.000  0.000    1.045  0.000  0.000    1.022  0.000  0.000   
MCTOP_ALLOC_SEQUENTIAL              1.000  0.000  0.000    1.000  0.000  0.000    1.000  0.000  0.000    1.000  0.000  0.000    1.000  0.000  0.000    1.000  0.000  0.000    1.000  0.000  0.000    1.000  0.000  0.000   
MCTOP_ALLOC_MIN_LAT_HWCS            0.998  0.000  0.000    0.741  0.000  0.000    0.709  0.000  0.000    0.578  0.000  0.000    0.649  0.000  0.000    0.678  0.000  0.000    0.751  0.000  0.000    0.722  0.000  0.000   
MCTOP_ALLOC_MIN_LAT_CORES           0.996  0.000  0.000    0.750  0.000  0.000    0.717  0.000  0.000    0.595  0.000  0.000    0.639  0.000  0.000    0.739  0.000  0.000    0.745  0.000  0.000    0.776  0.000  0.000   
MCTOP_ALLOC_BW_ROUND_ROBIN_HWCS     0.746  0.000  0.000    0.599  0.000  0.000    0.589  0.000  0.000    0.494  0.000  0.000    0.619  0.000  0.000    0.634  0.000  0.000    0.715  0.000  0.000    0.720  0.000  0.000   
MCTOP_ALLOC_BW_ROUND_ROBIN_CORES    0.733  0.000  0.000    0.598  0.000  0.000    0.588  0.000  0.000    0.508  0.000  0.000    0.639  0.000  0.000    0.621  0.000  0.000    0.743  0.000  0.000    0.738  0.000  0.000   
./bin/lpd48core/wr -- VS. best time
MCTOP_ALLOC_NONE                    3.956  0.000  0.000    2.229  0.000  0.000    1.696  0.000  0.000    1.605  0.000  0.000    1.533  0.000  0.000    1.662  0.000  0.000    1.757  0.000  0.000    1.864  0.000  0.000   
MCTOP_ALLOC_SEQUENTIAL              3.307  0.000  0.000    2.415  0.000  0.000    1.904  0.000  0.000    2.022  0.000  0.000    1.727  0.000  0.000    1.729  0.000  0.000    1.682  0.000  0.000    1.824  0.000  0.000   
MCTOP_ALLOC_MIN_LAT_HWCS            3.302  0.000  0.000    1.789  0.000  0.000    1.350  0.000  0.000    1.168  0.000  0.000    1.121  0.000  0.000    1.172  0.000  0.000    1.263  0.000  0.000    1.316  0.000  0.000   
MCTOP_ALLOC_MIN_LAT_CORES           3.292  0.000  0.000    1.811  0.000  0.000    1.366  0.000  0.000    1.203  0.000  0.000    1.103  0.000  0.000    1.278  0.000  0.000    1.252  0.000  0.000    1.415  0.000  0.000   
MCTOP_ALLOC_BW_ROUND_ROBIN_HWCS     2.466  0.000  0.000    1.446  0.000  0.000    1.121  0.000  0.000    1.000  0.000  0.000    1.070  0.000  0.000    1.096  0.000  0.000    1.201  0.000  0.000    1.314  0.000  0.000   
MCTOP_ALLOC_BW_ROUND_ROBIN_CORES    2.423  0.000  0.000    1.444  0.000  0.000    1.120  0.000  0.000    1.028  0.000  0.000    1.104  0.000  0.000    1.074  0.000  0.000    1.250  0.000  0.000    1.347  0.000  0.000   
./bin/lpd48core/wrmem -- -s8192 --
Alloc policy                        6                      12                     18                     24                     30                     36                     42                     48                    
MCTOP_ALLOC_NONE                    116310 0.00   0.00     71806  0.00   0.00     55111  0.00   0.00     60520  0.00   0.00     46973  0.00   0.00     46197  0.00   0.00     47478  0.00   0.00     54257  0.00   0.00    
MCTOP_ALLOC_SEQUENTIAL              124315 0.00   0.00     89292  0.00   0.00     71126  0.00   0.00     71095  0.00   0.00     56589  0.00   0.00     47925  0.00   0.00     46839  0.00   0.00     45137  0.00   0.00    
MCTOP_ALLOC_MIN_LAT_HWCS            129192 0.00   0.00     80569  0.00   0.00     50259  0.00   0.00     44085  0.00   0.00     33813  0.00   0.00     28890  0.00   0.00     27113  0.00   0.00     28496  0.00   0.00    
MCTOP_ALLOC_MIN_LAT_CORES           128619 0.00   0.00     81116  0.00   0.00     50520  0.00   0.00     40966  0.00   0.00     33161  0.00   0.00     31282  0.00   0.00     26729  0.00   0.00     27603  0.00   0.00    
MCTOP_ALLOC_BW_ROUND_ROBIN_HWCS     100568 0.00   0.00     54690  0.00   0.00     40250  0.00   0.00     37643  0.00   0.00     30860  0.00   0.00     31209  0.00   0.00     31222  0.00   0.00     35664  0.00   0.00    
MCTOP_ALLOC_BW_ROUND_ROBIN_CORES    101056 0.00   0.00     55361  0.00   0.00     39941  0.00   0.00     36025  0.00   0.00     30155  0.00   0.00     31741  0.00   0.00     29670  0.00   0.00     28127  0.00   0.00    
./bin/lpd48core/wrmem -- VS. seq
MCTOP_ALLOC_NONE                    0.936  0.000  0.000    0.804  0.000  0.000    0.775  0.000  0.000    0.851  0.000  0.000    0.830  0.000  0.000    0.964  0.000  0.000    1.014  0.000  0.000    1.202  0.000  0.000   
MCTOP_ALLOC_SEQUENTIAL              1.000  0.000  0.000    1.000  0.000  0.000    1.000  0.000  0.000    1.000  0.000  0.000    1.000  0.000  0.000    1.000  0.000  0.000    1.000  0.000  0.000    1.000  0.000  0.000   
MCTOP_ALLOC_MIN_LAT_HWCS            1.039  0.000  0.000    0.902  0.000  0.000    0.707  0.000  0.000    0.620  0.000  0.000    0.598  0.000  0.000    0.603  0.000  0.000    0.579  0.000  0.000    0.631  0.000  0.000   
MCTOP_ALLOC_MIN_LAT_CORES           1.035  0.000  0.000    0.908  0.000  0.000    0.710  0.000  0.000    0.576  0.000  0.000    0.586  0.000  0.000    0.653  0.000  0.000    0.571  0.000  0.000    0.612  0.000  0.000   
MCTOP_ALLOC_BW_ROUND_ROBIN_HWCS     0.809  0.000  0.000    0.612  0.000  0.000    0.566  0.000  0.000    0.529  0.000  0.000    0.545  0.000  0.000    0.651  0.000  0.000    0.667  0.000  0.000    0.790  0.000  0.000   
MCTOP_ALLOC_BW_ROUND_ROBIN_CORES    0.813  0.000  0.000    0.620  0.000  0.000    0.562  0.000  0.000    0.507  0.000  0.000    0.533  0.000  0.000    0.662  0.000  0.000    0.633  0.000  0.000    0.623  0.000  0.000   
./bin/lpd48core/wrmem -- VS. best time
MCTOP_ALLOC_NONE                    4.351  0.000  0.000    2.686  0.000  0.000    2.062  0.000  0.000    2.264  0.000  0.000    1.757  0.000  0.000    1.728  0.000  0.000    1.776  0.000  0.000    2.030  0.000  0.000   
MCTOP_ALLOC_SEQUENTIAL              4.651  0.000  0.000    3.341  0.000  0.000    2.661  0.000  0.000    2.660  0.000  0.000    2.117  0.000  0.000    1.793  0.000  0.000    1.752  0.000  0.000    1.689  0.000  0.000   
MCTOP_ALLOC_MIN_LAT_HWCS            4.833  0.000  0.000    3.014  0.000  0.000    1.880  0.000  0.000    1.649  0.000  0.000    1.265  0.000  0.000    1.081  0.000  0.000    1.014  0.000  0.000    1.066  0.000  0.000   
MCTOP_ALLOC_MIN_LAT_CORES           4.812  0.000  0.000    3.035  0.000  0.000    1.890  0.000  0.000    1.533  0.000  0.000    1.241  0.000  0.000    1.170  0.000  0.000    1.000  0.000  0.000    1.033  0.000  0.000   
MCTOP_ALLOC_BW_ROUND_ROBIN_HWCS     3.763  0.000  0.000    2.046  0.000  0.000    1.506  0.000  0.000    1.408  0.000  0.000    1.155  0.000  0.000    1.168  0.000  0.000    1.168  0.000  0.000    1.334  0.000  0.000   
MCTOP_ALLOC_BW_ROUND_ROBIN_CORES    3.781  0.000  0.000    2.071  0.000  0.000    1.494  0.000  0.000    1.348  0.000  0.000    1.128  0.000  0.000    1.188  0.000  0.000    1.110  0.000  0.000    1.052  0.000  0.000   
./bin/lpd48core/matrix_mult -- -l3000 --
Alloc policy                        6                      12                     18                     24                     30                     36                     42                     48                    
MCTOP_ALLOC_NONE                    16472  0.00   0.00     8280   0.00   0.00     5564   0.00   0.00     4193   0.00   0.00     3387   0.00   0.00     2851   0.00   0.00     2529   0.00   0.00     2430   0.00   0.00    
MCTOP_ALLOC_SEQUENTIAL              16390  0.00   0.00     8301   0.00   0.00     5584   0.00   0.00     4194   0.00   0.00     3411   0.00   0.00     2944   0.00   0.00     2554   0.00   0.00     2323   0.00   0.00    
MCTOP_ALLOC_MIN_LAT_HWCS            16346  0.00   0.00     8250   0.00   0.00     5563   0.00   0.00     4202   0.00   0.00     3422   0.00   0.00     2893   0.00   0.00     2539   0.00   0.00     2278   0.00   0.00    
MCTOP_ALLOC_MIN_LAT_CORES           16351  0.00   0.00     8256   0.00   0.00     5577   0.00   0.00     4226   0.00   0.00     3404   0.00   0.00     2908   0.00   0.00     2547   0.00   0.00     2352   0.00   0.00    
MCTOP_ALLOC_BW_ROUND_ROBIN_HWCS     16503  0.00   0.00     8307   0.00   0.00     5601   0.00   0.00     4224   0.00   0.00     3430   0.00   0.00     2903   0.00   0.00     2576   0.00   0.00     2347   0.00   0.00    
MCTOP_ALLOC_BW_ROUND_ROBIN_CORES    16499  0.00   0.00     8297   0.00   0.00     5600   0.00   0.00     4257   0.00   0.00     3440   0.00   0.00     2940   0.00   0.00     2567   0.00   0.00     2266   0.00   0.00    
./bin/lpd48core/matrix_mult -- VS. seq
MCTOP_ALLOC_NONE                    1.005  0.000  0.000    0.997  0.000  0.000    0.996  0.000  0.000    1.000  0.000  0.000    0.993  0.000  0.000    0.968  0.000  0.000    0.990  0.000  0.000    1.046  0.000  0.000   
MCTOP_ALLOC_SEQUENTIAL              1.000  0.000  0.000    1.000  0.000  0.000    1.000  0.000  0.000    1.000  0.000  0.000    1.000  0.000  0.000    1.000  0.000  0.000    1.000  0.000  0.000    1.000  0.000  0.000   
MCTOP_ALLOC_MIN_LAT_HWCS            0.997  0.000  0.000    0.994  0.000  0.000    0.996  0.000  0.000    1.002  0.000  0.000    1.003  0.000  0.000    0.983  0.000  0.000    0.994  0.000  0.000    0.981  0.000  0.000   
MCTOP_ALLOC_MIN_LAT_CORES           0.998  0.000  0.000    0.995  0.000  0.000    0.999  0.000  0.000    1.008  0.000  0.000    0.998  0.000  0.000    0.988  0.000  0.000    0.997  0.000  0.000    1.012  0.000  0.000   
MCTOP_ALLOC_BW_ROUND_ROBIN_HWCS     1.007  0.000  0.000    1.001  0.000  0.000    1.003  0.000  0.000    1.007  0.000  0.000    1.006  0.000  0.000    0.986  0.000  0.000    1.009  0.000  0.000    1.010  0.000  0.000   
MCTOP_ALLOC_BW_ROUND_ROBIN_CORES    1.007  0.000  0.000    1.000  0.000  0.000    1.003  0.000  0.000    1.015  0.000  0.000    1.009  0.000  0.000    0.999  0.000  0.000    1.005  0.000  0.000    0.975  0.000  0.000   
./bin/lpd48core/matrix_mult -- VS. best time
MCTOP_ALLOC_NONE                    7.269  0.000  0.000    3.654  0.000  0.000    2.455  0.000  0.000    1.850  0.000  0.000    1.495  0.000  0.000    1.258  0.000  0.000    1.116  0.000  0.000    1.072  0.000  0.000   
MCTOP_ALLOC_SEQUENTIAL              7.233  0.000  0.000    3.663  0.000  0.000    2.464  0.000  0.000    1.851  0.000  0.000    1.505  0.000  0.000    1.299  0.000  0.000    1.127  0.000  0.000    1.025  0.000  0.000   
MCTOP_ALLOC_MIN_LAT_HWCS            7.214  0.000  0.000    3.641  0.000  0.000    2.455  0.000  0.000    1.854  0.000  0.000    1.510  0.000  0.000    1.277  0.000  0.000    1.120  0.000  0.000    1.005  0.000  0.000   
MCTOP_ALLOC_MIN_LAT_CORES           7.216  0.000  0.000    3.643  0.000  0.000    2.461  0.000  0.000    1.865  0.000  0.000    1.502  0.000  0.000    1.283  0.000  0.000    1.124  0.000  0.000    1.038  0.000  0.000   
MCTOP_ALLOC_BW_ROUND_ROBIN_HWCS     7.283  0.000  0.000    3.666  0.000  0.000    2.472  0.000  0.000    1.864  0.000  0.000    1.514  0.000  0.000    1.281  0.000  0.000    1.137  0.000  0.000    1.036  0.000  0.000   
MCTOP_ALLOC_BW_ROUND_ROBIN_CORES    7.281  0.000  0.000    3.662  0.000  0.000    2.471  0.000  0.000    1.879  0.000  0.000    1.518  0.000  0.000    1.297  0.000  0.000    1.133  0.000  0.000    1.000  0.000  0.000   
./bin/lpd48core/matrix_mult -- -l6000 --
Alloc policy                        6                      12                     18                     24                     30                     36                     42                     48                    
MCTOP_ALLOC_NONE                    131215 0.00   0.00     65686  0.00   0.00     43996  0.00   0.00     33203  0.00   0.00     26526  0.00   0.00     22393  0.00   0.00     19327  0.00   0.00     17081  0.00   0.00    
MCTOP_ALLOC_SEQUENTIAL              130307 0.00   0.00     66022  0.00   0.00     44079  0.00   0.00     33244  0.00   0.00     26609  0.00   0.00     22333  0.00   0.00     19393  0.00   0.00     17219  0.00   0.00    
MCTOP_ALLOC_MIN_LAT_HWCS            130045 0.00   0.00     65595  0.00   0.00     44151  0.00   0.00     33315  0.00   0.00     26941  0.00   0.00     23038  0.00   0.00     20677  0.00   0.00     20320  0.00   0.00    
MCTOP_ALLOC_MIN_LAT_CORES           130080 0.00   0.00     65569  0.00   0.00     44129  0.00   0.00     33266  0.00   0.00     27078  0.00   0.00     23102  0.00   0.00     20275  0.00   0.00     19518  0.00   0.00    
MCTOP_ALLOC_BW_ROUND_ROBIN_HWCS     131311 0.00   0.00     66094  0.00   0.00     44387  0.00   0.00     33621  0.00   0.00     27175  0.00   0.00     23307  0.00   0.00     20507  0.00   0.00     19073  0.00   0.00    
MCTOP_ALLOC_BW_ROUND_ROBIN_CORES    131216 0.00   0.00     66088  0.00   0.00     44453  0.00   0.00     33730  0.00   0.00     27322  0.00   0.00     23300  0.00   0.00     20415  0.00   0.00     19391  0.00   0.00    
./bin/lpd48core/matrix_mult -- VS. seq
MCTOP_ALLOC_NONE                    1.007  0.000  0.000    0.995  0.000  0.000    0.998  0.000  0.000    0.999  0.000  0.000    0.997  0.000  0.000    1.003  0.000  0.000    0.997  0.000  0.000    0.992  0.000  0.000   
MCTOP_ALLOC_SEQUENTIAL              1.000  0.000  0.000    1.000  0.000  0.000    1.000  0.000  0.000    1.000  0.000  0.000    1.000  0.000  0.000    1.000  0.000  0.000    1.000  0.000  0.000    1.000  0.000  0.000   
MCTOP_ALLOC_MIN_LAT_HWCS            0.998  0.000  0.000    0.994  0.000  0.000    1.002  0.000  0.000    1.002  0.000  0.000    1.012  0.000  0.000    1.032  0.000  0.000    1.066  0.000  0.000    1.180  0.000  0.000   
MCTOP_ALLOC_MIN_LAT_CORES           0.998  0.000  0.000    0.993  0.000  0.000    1.001  0.000  0.000    1.001  0.000  0.000    1.018  0.000  0.000    1.034  0.000  0.000    1.045  0.000  0.000    1.134  0.000  0.000   
MCTOP_ALLOC_BW_ROUND_ROBIN_HWCS     1.008  0.000  0.000    1.001  0.000  0.000    1.007  0.000  0.000    1.011  0.000  0.000    1.021  0.000  0.000    1.044  0.000  0.000    1.057  0.000  0.000    1.108  0.000  0.000   
MCTOP_ALLOC_BW_ROUND_ROBIN_CORES    1.007  0.000  0.000    1.001  0.000  0.000    1.008  0.000  0.000    1.015  0.000  0.000    1.027  0.000  0.000    1.043  0.000  0.000    1.053  0.000  0.000    1.126  0.000  0.000   
./bin/lpd48core/matrix_mult -- VS. best time
MCTOP_ALLOC_NONE                    7.682  0.000  0.000    3.846  0.000  0.000    2.576  0.000  0.000    1.944  0.000  0.000    1.553  0.000  0.000    1.311  0.000  0.000    1.131  0.000  0.000    1.000  0.000  0.000   
MCTOP_ALLOC_SEQUENTIAL              7.629  0.000  0.000    3.865  0.000  0.000    2.581  0.000  0.000    1.946  0.000  0.000    1.558  0.000  0.000    1.307  0.000  0.000    1.135  0.000  0.000    1.008  0.000  0.000   
MCTOP_ALLOC_MIN_LAT_HWCS            7.613  0.000  0.000    3.840  0.000  0.000    2.585  0.000  0.000    1.950  0.000  0.000    1.577  0.000  0.000    1.349  0.000  0.000    1.211  0.000  0.000    1.190  0.000  0.000   
MCTOP_ALLOC_MIN_LAT_CORES           7.615  0.000  0.000    3.839  0.000  0.000    2.584  0.000  0.000    1.948  0.000  0.000    1.585  0.000  0.000    1.352  0.000  0.000    1.187  0.000  0.000    1.143  0.000  0.000   
MCTOP_ALLOC_BW_ROUND_ROBIN_HWCS     7.688  0.000  0.000    3.869  0.000  0.000    2.599  0.000  0.000    1.968  0.000  0.000    1.591  0.000  0.000    1.364  0.000  0.000    1.201  0.000  0.000    1.117  0.000  0.000   
MCTOP_ALLOC_BW_ROUND_ROBIN_CORES    7.682  0.000  0.000    3.869  0.000  0.000    2.602  0.000  0.000    1.975  0.000  0.000    1.600  0.000  0.000    1.364  0.000  0.000    1.195  0.000  0.000    1.135  0.000  0.000   
./bin/lpd48core/wsearchmem -- -i8192 --
Alloc policy                        6                      12                     18                     24                     30                     36                     42                     48                    
MCTOP_ALLOC_NONE                    3647   0.00   0.00     1967   0.00   0.00     1377   0.00   0.00     1289   0.00   0.00     1302   0.00   0.00     1266   0.00   0.00     1268   0.00   0.00     1184   0.00   0.00    
MCTOP_ALLOC_SEQUENTIAL              3829   0.00   0.00     3644   0.00   0.00     2659   0.00   0.00     2272   0.00   0.00     1731   0.00   0.00     1347   0.00   0.00     1299   0.00   0.00     1155   0.00   0.00    
MCTOP_ALLOC_MIN_LAT_HWCS            2667   0.00   0.00     1352   0.00   0.00     1187   0.00   0.00     1183   0.00   0.00     1169   0.00   0.00     1187   0.00   0.00     1200   0.00   0.00     1211   0.00   0.00    
MCTOP_ALLOC_MIN_LAT_CORES           2665   0.00   0.00     1360   0.00   0.00     1186   0.00   0.00     1185   0.00   0.00     1188   0.00   0.00     1185   0.00   0.00     1186   0.00   0.00     1205   0.00   0.00    
MCTOP_ALLOC_BW_ROUND_ROBIN_HWCS     2778   0.00   0.00     1419   0.00   0.00     1242   0.00   0.00     1255   0.00   0.00     1230   0.00   0.00     1209   0.00   0.00     1204   0.00   0.00     1211   0.00   0.00    
MCTOP_ALLOC_BW_ROUND_ROBIN_CORES    2773   0.00   0.00     1423   0.00   0.00     1246   0.00   0.00     1258   0.00   0.00     1225   0.00   0.00     1220   0.00   0.00     1199   0.00   0.00     1187   0.00   0.00    
./bin/lpd48core/wsearchmem -- VS. seq
MCTOP_ALLOC_NONE                    0.952  0.000  0.000    0.540  0.000  0.000    0.518  0.000  0.000    0.567  0.000  0.000    0.752  0.000  0.000    0.940  0.000  0.000    0.976  0.000  0.000    1.025  0.000  0.000   
MCTOP_ALLOC_SEQUENTIAL              1.000  0.000  0.000    1.000  0.000  0.000    1.000  0.000  0.000    1.000  0.000  0.000    1.000  0.000  0.000    1.000  0.000  0.000    1.000  0.000  0.000    1.000  0.000  0.000   
MCTOP_ALLOC_MIN_LAT_HWCS            0.697  0.000  0.000    0.371  0.000  0.000    0.446  0.000  0.000    0.521  0.000  0.000    0.675  0.000  0.000    0.881  0.000  0.000    0.924  0.000  0.000    1.048  0.000  0.000   
MCTOP_ALLOC_MIN_LAT_CORES           0.696  0.000  0.000    0.373  0.000  0.000    0.446  0.000  0.000    0.522  0.000  0.000    0.686  0.000  0.000    0.880  0.000  0.000    0.913  0.000  0.000    1.043  0.000  0.000   
MCTOP_ALLOC_BW_ROUND_ROBIN_HWCS     0.726  0.000  0.000    0.389  0.000  0.000    0.467  0.000  0.000    0.552  0.000  0.000    0.711  0.000  0.000    0.898  0.000  0.000    0.927  0.000  0.000    1.048  0.000  0.000   
MCTOP_ALLOC_BW_ROUND_ROBIN_CORES    0.724  0.000  0.000    0.391  0.000  0.000    0.469  0.000  0.000    0.554  0.000  0.000    0.708  0.000  0.000    0.906  0.000  0.000    0.923  0.000  0.000    1.028  0.000  0.000   
./bin/lpd48core/wsearchmem -- VS. best time
MCTOP_ALLOC_NONE                    3.158  0.000  0.000    1.703  0.000  0.000    1.192  0.000  0.000    1.116  0.000  0.000    1.127  0.000  0.000    1.096  0.000  0.000    1.098  0.000  0.000    1.025  0.000  0.000   
MCTOP_ALLOC_SEQUENTIAL              3.315  0.000  0.000    3.155  0.000  0.000    2.302  0.000  0.000    1.967  0.000  0.000    1.499  0.000  0.000    1.166  0.000  0.000    1.125  0.000  0.000    1.000  0.000  0.000   
MCTOP_ALLOC_MIN_LAT_HWCS            2.309  0.000  0.000    1.171  0.000  0.000    1.028  0.000  0.000    1.024  0.000  0.000    1.012  0.000  0.000    1.028  0.000  0.000    1.039  0.000  0.000    1.048  0.000  0.000   
MCTOP_ALLOC_MIN_LAT_CORES           2.307  0.000  0.000    1.177  0.000  0.000    1.027  0.000  0.000    1.026  0.000  0.000    1.029  0.000  0.000    1.026  0.000  0.000    1.027  0.000  0.000    1.043  0.000  0.000   
MCTOP_ALLOC_BW_ROUND_ROBIN_HWCS     2.405  0.000  0.000    1.229  0.000  0.000    1.075  0.000  0.000    1.087  0.000  0.000    1.065  0.000  0.000    1.047  0.000  0.000    1.042  0.000  0.000    1.048  0.000  0.000   
MCTOP_ALLOC_BW_ROUND_ROBIN_CORES    2.401  0.000  0.000    1.232  0.000  0.000    1.079  0.000  0.000    1.089  0.000  0.000    1.061  0.000  0.000    1.056  0.000  0.000    1.038  0.000  0.000    1.028  0.000  0.000   
./bin/lpd48core/wsearchmem -- -i32768 --
Alloc policy                        6                      12                     18                     24                     30                     36                     42                     48                    
MCTOP_ALLOC_NONE                    15261  0.00   0.00     7834   0.00   0.00     5941   0.00   0.00     5541   0.00   0.00     5396   0.00   0.00     5439   0.00   0.00     5131   0.00   0.00     5297   0.00   0.00    
MCTOP_ALLOC_SEQUENTIAL              15665  0.00   0.00     13036  0.00   0.00     10271  0.00   0.00     9642   0.00   0.00     8024   0.00   0.00     6820   0.00   0.00     6089   0.00   0.00     5257   0.00   0.00    
MCTOP_ALLOC_MIN_LAT_HWCS            11033  0.00   0.00     7782   0.00   0.00     6336   0.00   0.00     5184   0.00   0.00     5013   0.00   0.00     4569   0.00   0.00     4432   0.00   0.00     4457   0.00   0.00    
MCTOP_ALLOC_MIN_LAT_CORES           11033  0.00   0.00     7790   0.00   0.00     6374   0.00   0.00     5161   0.00   0.00     4981   0.00   0.00     4566   0.00   0.00     4454   0.00   0.00     4422   0.00   0.00    
MCTOP_ALLOC_BW_ROUND_ROBIN_HWCS     11071  0.00   0.00     5666   0.00   0.00     4849   0.00   0.00     4691   0.00   0.00     4620   0.00   0.00     4520   0.00   0.00     4477   0.00   0.00     4435   0.00   0.00    
MCTOP_ALLOC_BW_ROUND_ROBIN_CORES    11072  0.00   0.00     5658   0.00   0.00     4871   0.00   0.00     4728   0.00   0.00     4611   0.00   0.00     4533   0.00   0.00     4487   0.00   0.00     4450   0.00   0.00    
./bin/lpd48core/wsearchmem -- VS. seq
MCTOP_ALLOC_NONE                    0.974  0.000  0.000    0.601  0.000  0.000    0.578  0.000  0.000    0.575  0.000  0.000    0.672  0.000  0.000    0.798  0.000  0.000    0.843  0.000  0.000    1.008  0.000  0.000   
MCTOP_ALLOC_SEQUENTIAL              1.000  0.000  0.000    1.000  0.000  0.000    1.000  0.000  0.000    1.000  0.000  0.000    1.000  0.000  0.000    1.000  0.000  0.000    1.000  0.000  0.000    1.000  0.000  0.000   
MCTOP_ALLOC_MIN_LAT_HWCS            0.704  0.000  0.000    0.597  0.000  0.000    0.617  0.000  0.000    0.538  0.000  0.000    0.625  0.000  0.000    0.670  0.000  0.000    0.728  0.000  0.000    0.848  0.000  0.000   
MCTOP_ALLOC_MIN_LAT_CORES           0.704  0.000  0.000    0.598  0.000  0.000    0.621  0.000  0.000    0.535  0.000  0.000    0.621  0.000  0.000    0.670  0.000  0.000    0.731  0.000  0.000    0.841  0.000  0.000   
MCTOP_ALLOC_BW_ROUND_ROBIN_HWCS     0.707  0.000  0.000    0.435  0.000  0.000    0.472  0.000  0.000    0.487  0.000  0.000    0.576  0.000  0.000    0.663  0.000  0.000    0.735  0.000  0.000    0.844  0.000  0.000   
MCTOP_ALLOC_BW_ROUND_ROBIN_CORES    0.707  0.000  0.000    0.434  0.000  0.000    0.474  0.000  0.000    0.490  0.000  0.000    0.575  0.000  0.000    0.665  0.000  0.000    0.737  0.000  0.000    0.846  0.000  0.000   
./bin/lpd48core/wsearchmem -- VS. best time
MCTOP_ALLOC_NONE                    3.451  0.000  0.000    1.772  0.000  0.000    1.344  0.000  0.000    1.253  0.000  0.000    1.220  0.000  0.000    1.230  0.000  0.000    1.160  0.000  0.000    1.198  0.000  0.000   
MCTOP_ALLOC_SEQUENTIAL              3.543  0.000  0.000    2.948  0.000  0.000    2.323  0.000  0.000    2.180  0.000  0.000    1.815  0.000  0.000    1.542  0.000  0.000    1.377  0.000  0.000    1.189  0.000  0.000   
MCTOP_ALLOC_MIN_LAT_HWCS            2.495  0.000  0.000    1.760  0.000  0.000    1.433  0.000  0.000    1.172  0.000  0.000    1.134  0.000  0.000    1.033  0.000  0.000    1.002  0.000  0.000    1.008  0.000  0.000   
MCTOP_ALLOC_MIN_LAT_CORES           2.495  0.000  0.000    1.762  0.000  0.000    1.441  0.000  0.000    1.167  0.000  0.000    1.126  0.000  0.000    1.033  0.000  0.000    1.007  0.000  0.000    1.000  0.000  0.000   
MCTOP_ALLOC_BW_ROUND_ROBIN_HWCS     2.504  0.000  0.000    1.281  0.000  0.000    1.097  0.000  0.000    1.061  0.000  0.000    1.045  0.000  0.000    1.022  0.000  0.000    1.012  0.000  0.000    1.003  0.000  0.000   
MCTOP_ALLOC_BW_ROUND_ROBIN_CORES    2.504  0.000  0.000    1.280  0.000  0.000    1.102  0.000  0.000    1.069  0.000  0.000    1.043  0.000  0.000    1.025  0.000  0.000    1.015  0.000  0.000    1.006  0.000  0.000   
./bin/lpd48core/matrix_mult2 -- -l3000 --
Alloc policy                        6                      12                     18                     24                     30                     36                     42                     48                    
MCTOP_ALLOC_NONE                    9610   0.00   0.00     4865   0.00   0.00     3293   0.00   0.00     2560   0.00   0.00     2072   0.00   0.00     1815   0.00   0.00     1903   0.00   0.00     1942   0.00   0.00    
MCTOP_ALLOC_SEQUENTIAL              9462   0.00   0.00     4872   0.00   0.00     3322   0.00   0.00     2569   0.00   0.00     2129   0.00   0.00     1855   0.00   0.00     2099   0.00   0.00     2125   0.00   0.00    
MCTOP_ALLOC_MIN_LAT_HWCS            9418   0.00   0.00     4845   0.00   0.00     3307   0.00   0.00     2517   0.00   0.00     2079   0.00   0.00     1783   0.00   0.00     1763   0.00   0.00     2411   0.00   0.00    
MCTOP_ALLOC_MIN_LAT_CORES           9430   0.00   0.00     4835   0.00   0.00     3294   0.00   0.00     2518   0.00   0.00     2091   0.00   0.00     1788   0.00   0.00     1690   0.00   0.00     2379   0.00   0.00    
MCTOP_ALLOC_BW_ROUND_ROBIN_HWCS     9664   0.00   0.00     4931   0.00   0.00     3346   0.00   0.00     2585   0.00   0.00     2121   0.00   0.00     1856   0.00   0.00     2393   0.00   0.00     2342   0.00   0.00    
MCTOP_ALLOC_BW_ROUND_ROBIN_CORES    9690   0.00   0.00     4921   0.00   0.00     3326   0.00   0.00     2604   0.00   0.00     2267   0.00   0.00     1934   0.00   0.00     2516   0.00   0.00     2226   0.00   0.00    
./bin/lpd48core/matrix_mult2 -- VS. seq
MCTOP_ALLOC_NONE                    1.016  0.000  0.000    0.999  0.000  0.000    0.991  0.000  0.000    0.996  0.000  0.000    0.973  0.000  0.000    0.978  0.000  0.000    0.907  0.000  0.000    0.914  0.000  0.000   
MCTOP_ALLOC_SEQUENTIAL              1.000  0.000  0.000    1.000  0.000  0.000    1.000  0.000  0.000    1.000  0.000  0.000    1.000  0.000  0.000    1.000  0.000  0.000    1.000  0.000  0.000    1.000  0.000  0.000   
MCTOP_ALLOC_MIN_LAT_HWCS            0.995  0.000  0.000    0.994  0.000  0.000    0.995  0.000  0.000    0.980  0.000  0.000    0.977  0.000  0.000    0.961  0.000  0.000    0.840  0.000  0.000    1.135  0.000  0.000   
MCTOP_ALLOC_MIN_LAT_CORES           0.997  0.000  0.000    0.992  0.000  0.000    0.992  0.000  0.000    0.980  0.000  0.000    0.982  0.000  0.000    0.964  0.000  0.000    0.805  0.000  0.000    1.120  0.000  0.000   
MCTOP_ALLOC_BW_ROUND_ROBIN_HWCS     1.021  0.000  0.000    1.012  0.000  0.000    1.007  0.000  0.000    1.006  0.000  0.000    0.996  0.000  0.000    1.001  0.000  0.000    1.140  0.000  0.000    1.102  0.000  0.000   
MCTOP_ALLOC_BW_ROUND_ROBIN_CORES    1.024  0.000  0.000    1.010  0.000  0.000    1.001  0.000  0.000    1.014  0.000  0.000    1.065  0.000  0.000    1.043  0.000  0.000    1.199  0.000  0.000    1.048  0.000  0.000   
./bin/lpd48core/matrix_mult2 -- VS. best time
MCTOP_ALLOC_NONE                    5.686  0.000  0.000    2.879  0.000  0.000    1.949  0.000  0.000    1.515  0.000  0.000    1.226  0.000  0.000    1.074  0.000  0.000    1.126  0.000  0.000    1.149  0.000  0.000   
MCTOP_ALLOC_SEQUENTIAL              5.599  0.000  0.000    2.883  0.000  0.000    1.966  0.000  0.000    1.520  0.000  0.000    1.260  0.000  0.000    1.098  0.000  0.000    1.242  0.000  0.000    1.257  0.000  0.000   
MCTOP_ALLOC_MIN_LAT_HWCS            5.573  0.000  0.000    2.867  0.000  0.000    1.957  0.000  0.000    1.489  0.000  0.000    1.230  0.000  0.000    1.055  0.000  0.000    1.043  0.000  0.000    1.427  0.000  0.000   
MCTOP_ALLOC_MIN_LAT_CORES           5.580  0.000  0.000    2.861  0.000  0.000    1.949  0.000  0.000    1.490  0.000  0.000    1.237  0.000  0.000    1.058  0.000  0.000    1.000  0.000  0.000    1.408  0.000  0.000   
MCTOP_ALLOC_BW_ROUND_ROBIN_HWCS     5.718  0.000  0.000    2.918  0.000  0.000    1.980  0.000  0.000    1.530  0.000  0.000    1.255  0.000  0.000    1.098  0.000  0.000    1.416  0.000  0.000    1.386  0.000  0.000   
MCTOP_ALLOC_BW_ROUND_ROBIN_CORES    5.734  0.000  0.000    2.912  0.000  0.000    1.968  0.000  0.000    1.541  0.000  0.000    1.341  0.000  0.000    1.144  0.000  0.000    1.489  0.000  0.000    1.317  0.000  0.000   
./bin/lpd48core/matrix_mult2 -- -l6000 --
Alloc policy                        6                      12                     18                     24                     30                     36                     42                     48                    
MCTOP_ALLOC_NONE                    76834  0.00   0.00     38676  0.00   0.00     25954  0.00   0.00     19582  0.00   0.00     15995  0.00   0.00     14336  0.00   0.00     12525  0.00   0.00     11378  0.00   0.00    
MCTOP_ALLOC_SEQUENTIAL              75026  0.00   0.00     38872  0.00   0.00     25855  0.00   0.00     19821  0.00   0.00     15952  0.00   0.00     14000  0.00   0.00     12494  0.00   0.00     11255  0.00   0.00    
MCTOP_ALLOC_MIN_LAT_HWCS            74703  0.00   0.00     38357  0.00   0.00     26190  0.00   0.00     20124  0.00   0.00     16757  0.00   0.00     26335  0.00   0.00     23330  0.00   0.00     22547  0.00   0.00    
MCTOP_ALLOC_MIN_LAT_CORES           74779  0.00   0.00     38265  0.00   0.00     26196  0.00   0.00     20136  0.00   0.00     16714  0.00   0.00     28078  0.00   0.00     23861  0.00   0.00     23650  0.00   0.00    
MCTOP_ALLOC_BW_ROUND_ROBIN_HWCS     76864  0.00   0.00     39069  0.00   0.00     26608  0.00   0.00     20682  0.00   0.00     17099  0.00   0.00     22944  0.00   0.00     23529  0.00   0.00     23138  0.00   0.00    
MCTOP_ALLOC_BW_ROUND_ROBIN_CORES    76797  0.00   0.00     39035  0.00   0.00     26600  0.00   0.00     20564  0.00   0.00     17288  0.00   0.00     24898  0.00   0.00     23939  0.00   0.00     23926  0.00   0.00    
./bin/lpd48core/matrix_mult2 -- VS. seq
MCTOP_ALLOC_NONE                    1.024  0.000  0.000    0.995  0.000  0.000    1.004  0.000  0.000    0.988  0.000  0.000    1.003  0.000  0.000    1.024  0.000  0.000    1.002  0.000  0.000    1.011  0.000  0.000   
MCTOP_ALLOC_SEQUENTIAL              1.000  0.000  0.000    1.000  0.000  0.000    1.000  0.000  0.000    1.000  0.000  0.000    1.000  0.000  0.000    1.000  0.000  0.000    1.000  0.000  0.000    1.000  0.000  0.000   
MCTOP_ALLOC_MIN_LAT_HWCS            0.996  0.000  0.000    0.987  0.000  0.000    1.013  0.000  0.000    1.015  0.000  0.000    1.050  0.000  0.000    1.881  0.000  0.000    1.867  0.000  0.000    2.003  0.000  0.000   
MCTOP_ALLOC_MIN_LAT_CORES           0.997  0.000  0.000    0.984  0.000  0.000    1.013  0.000  0.000    1.016  0.000  0.000    1.048  0.000  0.000    2.006  0.000  0.000    1.910  0.000  0.000    2.101  0.000  0.000   
MCTOP_ALLOC_BW_ROUND_ROBIN_HWCS     1.024  0.000  0.000    1.005  0.000  0.000    1.029  0.000  0.000    1.043  0.000  0.000    1.072  0.000  0.000    1.639  0.000  0.000    1.883  0.000  0.000    2.056  0.000  0.000   
MCTOP_ALLOC_BW_ROUND_ROBIN_CORES    1.024  0.000  0.000    1.004  0.000  0.000    1.029  0.000  0.000    1.037  0.000  0.000    1.084  0.000  0.000    1.778  0.000  0.000    1.916  0.000  0.000    2.126  0.000  0.000   
./bin/lpd48core/matrix_mult2 -- VS. best time
MCTOP_ALLOC_NONE                    6.827  0.000  0.000    3.436  0.000  0.000    2.306  0.000  0.000    1.740  0.000  0.000    1.421  0.000  0.000    1.274  0.000  0.000    1.113  0.000  0.000    1.011  0.000  0.000   
MCTOP_ALLOC_SEQUENTIAL              6.666  0.000  0.000    3.454  0.000  0.000    2.297  0.000  0.000    1.761  0.000  0.000    1.417  0.000  0.000    1.244  0.000  0.000    1.110  0.000  0.000    1.000  0.000  0.000   
MCTOP_ALLOC_MIN_LAT_HWCS            6.637  0.000  0.000    3.408  0.000  0.000    2.327  0.000  0.000    1.788  0.000  0.000    1.489  0.000  0.000    2.340  0.000  0.000    2.073  0.000  0.000    2.003  0.000  0.000   
MCTOP_ALLOC_MIN_LAT_CORES           6.644  0.000  0.000    3.400  0.000  0.000    2.327  0.000  0.000    1.789  0.000  0.000    1.485  0.000  0.000    2.495  0.000  0.000    2.120  0.000  0.000    2.101  0.000  0.000   
MCTOP_ALLOC_BW_ROUND_ROBIN_HWCS     6.829  0.000  0.000    3.471  0.000  0.000    2.364  0.000  0.000    1.838  0.000  0.000    1.519  0.000  0.000    2.039  0.000  0.000    2.091  0.000  0.000    2.056  0.000  0.000   
MCTOP_ALLOC_BW_ROUND_ROBIN_CORES    6.823  0.000  0.000    3.468  0.000  0.000    2.363  0.000  0.000    1.827  0.000  0.000    1.536  0.000  0.000    2.212  0.000  0.000    2.127  0.000  0.000    2.126  0.000  0.000   
./bin/lpd48core/hist -- /localhome/metis/data/hist-20.8g.bmp --
Alloc policy                        6                      12                     18                     24                     30                     36                     42                     48                    
MCTOP_ALLOC_NONE                    154567 0.00   0.00     5837   0.00   0.00     3926   0.00   0.00     2988   0.00   0.00     2470   0.00   0.00     2134   0.00   0.00     2014   0.00   0.00     2000   0.00   0.00    
MCTOP_ALLOC_SEQUENTIAL              11439  0.00   0.00     5905   0.00   0.00     4045   0.00   0.00     3104   0.00   0.00     2495   0.00   0.00     2210   0.00   0.00     2103   0.00   0.00     2018   0.00   0.00    
MCTOP_ALLOC_MIN_LAT_HWCS            11430  0.00   0.00     5909   0.00   0.00     4174   0.00   0.00     3072   0.00   0.00     2482   0.00   0.00     2200   0.00   0.00     2081   0.00   0.00     2008   0.00   0.00    
MCTOP_ALLOC_MIN_LAT_CORES           11425  0.00   0.00     5928   0.00   0.00     4154   0.00   0.00     3167   0.00   0.00     2436   0.00   0.00     2203   0.00   0.00     2067   0.00   0.00     2024   0.00   0.00    
MCTOP_ALLOC_BW_ROUND_ROBIN_HWCS     11496  0.00   0.00     5819   0.00   0.00     3958   0.00   0.00     2995   0.00   0.00     2443   0.00   0.00     2150   0.00   0.00     1999   0.00   0.00     2025   0.00   0.00    
MCTOP_ALLOC_BW_ROUND_ROBIN_CORES    11499  0.00   0.00     5828   0.00   0.00     3953   0.00   0.00     3001   0.00   0.00     2452   0.00   0.00     2141   0.00   0.00     2036   0.00   0.00     2005   0.00   0.00    
./bin/lpd48core/hist -- VS. seq
MCTOP_ALLOC_NONE                    13.512 0.000  0.000    0.988  0.000  0.000    0.971  0.000  0.000    0.963  0.000  0.000    0.990  0.000  0.000    0.966  0.000  0.000    0.958  0.000  0.000    0.991  0.000  0.000   
MCTOP_ALLOC_SEQUENTIAL              1.000  0.000  0.000    1.000  0.000  0.000    1.000  0.000  0.000    1.000  0.000  0.000    1.000  0.000  0.000    1.000  0.000  0.000    1.000  0.000  0.000    1.000  0.000  0.000   
MCTOP_ALLOC_MIN_LAT_HWCS            0.999  0.000  0.000    1.001  0.000  0.000    1.032  0.000  0.000    0.990  0.000  0.000    0.995  0.000  0.000    0.995  0.000  0.000    0.990  0.000  0.000    0.995  0.000  0.000   
MCTOP_ALLOC_MIN_LAT_CORES           0.999  0.000  0.000    1.004  0.000  0.000    1.027  0.000  0.000    1.020  0.000  0.000    0.976  0.000  0.000    0.997  0.000  0.000    0.983  0.000  0.000    1.003  0.000  0.000   
MCTOP_ALLOC_BW_ROUND_ROBIN_HWCS     1.005  0.000  0.000    0.985  0.000  0.000    0.978  0.000  0.000    0.965  0.000  0.000    0.979  0.000  0.000    0.973  0.000  0.000    0.951  0.000  0.000    1.003  0.000  0.000   
MCTOP_ALLOC_BW_ROUND_ROBIN_CORES    1.005  0.000  0.000    0.987  0.000  0.000    0.977  0.000  0.000    0.967  0.000  0.000    0.983  0.000  0.000    0.969  0.000  0.000    0.968  0.000  0.000    0.994  0.000  0.000   
./bin/lpd48core/hist -- VS. best time
MCTOP_ALLOC_NONE                    77.322 0.000  0.000    2.920  0.000  0.000    1.964  0.000  0.000    1.495  0.000  0.000    1.236  0.000  0.000    1.068  0.000  0.000    1.008  0.000  0.000    1.001  0.000  0.000   
MCTOP_ALLOC_SEQUENTIAL              5.722  0.000  0.000    2.954  0.000  0.000    2.024  0.000  0.000    1.553  0.000  0.000    1.248  0.000  0.000    1.106  0.000  0.000    1.052  0.000  0.000    1.010  0.000  0.000   
MCTOP_ALLOC_MIN_LAT_HWCS            5.718  0.000  0.000    2.956  0.000  0.000    2.088  0.000  0.000    1.537  0.000  0.000    1.242  0.000  0.000    1.101  0.000  0.000    1.041  0.000  0.000    1.005  0.000  0.000   
MCTOP_ALLOC_MIN_LAT_CORES           5.715  0.000  0.000    2.965  0.000  0.000    2.078  0.000  0.000    1.584  0.000  0.000    1.219  0.000  0.000    1.102  0.000  0.000    1.034  0.000  0.000    1.013  0.000  0.000   
MCTOP_ALLOC_BW_ROUND_ROBIN_HWCS     5.751  0.000  0.000    2.911  0.000  0.000    1.980  0.000  0.000    1.498  0.000  0.000    1.222  0.000  0.000    1.076  0.000  0.000    1.000  0.000  0.000    1.013  0.000  0.000   
MCTOP_ALLOC_BW_ROUND_ROBIN_CORES    5.752  0.000  0.000    2.915  0.000  0.000    1.977  0.000  0.000    1.501  0.000  0.000    1.227  0.000  0.000    1.071  0.000  0.000    1.019  0.000  0.000    1.003  0.000  0.000   
./bin/lpd48core/linear_regression -- data/lr_4GB.txt --
Alloc policy                        6                      12                     18                     24                     30                     36                     42                     48                    
MCTOP_ALLOC_NONE                    22425  0.00   0.00     1061   0.00   0.00     723    0.00   0.00     566    0.00   0.00     544    0.00   0.00     544    0.00   0.00     524    0.00   0.00     546    0.00   0.00    
MCTOP_ALLOC_SEQUENTIAL              2035   0.00   0.00     1240   0.00   0.00     785    0.00   0.00     631    0.00   0.00     597    0.00   0.00     551    0.00   0.00     543    0.00   0.00     543    0.00   0.00    
MCTOP_ALLOC_MIN_LAT_HWCS            2042   0.00   0.00     1242   0.00   0.00     824    0.00   0.00     676    0.00   0.00     622    0.00   0.00     548    0.00   0.00     540    0.00   0.00     541    0.00   0.00    
MCTOP_ALLOC_MIN_LAT_CORES           2041   0.00   0.00     1251   0.00   0.00     841    0.00   0.00     669    0.00   0.00     621    0.00   0.00     547    0.00   0.00     535    0.00   0.00     560    0.00   0.00    
MCTOP_ALLOC_BW_ROUND_ROBIN_HWCS     2076   0.00   0.00     1065   0.00   0.00     733    0.00   0.00     594    0.00   0.00     567    0.00   0.00     549    0.00   0.00     542    0.00   0.00     551    0.00   0.00    
MCTOP_ALLOC_BW_ROUND_ROBIN_CORES    2076   0.00   0.00     1065   0.00   0.00     731    0.00   0.00     595    0.00   0.00     566    0.00   0.00     549    0.00   0.00     536    0.00   0.00     543    0.00   0.00    
./bin/lpd48core/linear_regression -- VS. seq
MCTOP_ALLOC_NONE                    11.020 0.000  0.000    0.856  0.000  0.000    0.921  0.000  0.000    0.897  0.000  0.000    0.911  0.000  0.000    0.987  0.000  0.000    0.965  0.000  0.000    1.006  0.000  0.000   
MCTOP_ALLOC_SEQUENTIAL              1.000  0.000  0.000    1.000  0.000  0.000    1.000  0.000  0.000    1.000  0.000  0.000    1.000  0.000  0.000    1.000  0.000  0.000    1.000  0.000  0.000    1.000  0.000  0.000   
MCTOP_ALLOC_MIN_LAT_HWCS            1.003  0.000  0.000    1.002  0.000  0.000    1.050  0.000  0.000    1.071  0.000  0.000    1.042  0.000  0.000    0.995  0.000  0.000    0.994  0.000  0.000    0.996  0.000  0.000   
MCTOP_ALLOC_MIN_LAT_CORES           1.003  0.000  0.000    1.009  0.000  0.000    1.071  0.000  0.000    1.060  0.000  0.000    1.040  0.000  0.000    0.993  0.000  0.000    0.985  0.000  0.000    1.031  0.000  0.000   
MCTOP_ALLOC_BW_ROUND_ROBIN_HWCS     1.020  0.000  0.000    0.859  0.000  0.000    0.934  0.000  0.000    0.941  0.000  0.000    0.950  0.000  0.000    0.996  0.000  0.000    0.998  0.000  0.000    1.015  0.000  0.000   
MCTOP_ALLOC_BW_ROUND_ROBIN_CORES    1.020  0.000  0.000    0.859  0.000  0.000    0.931  0.000  0.000    0.943  0.000  0.000    0.948  0.000  0.000    0.996  0.000  0.000    0.987  0.000  0.000    1.000  0.000  0.000   
./bin/lpd48core/linear_regression -- VS. best time
MCTOP_ALLOC_NONE                    42.796 0.000  0.000    2.025  0.000  0.000    1.380  0.000  0.000    1.080  0.000  0.000    1.038  0.000  0.000    1.038  0.000  0.000    1.000  0.000  0.000    1.042  0.000  0.000   
MCTOP_ALLOC_SEQUENTIAL              3.884  0.000  0.000    2.366  0.000  0.000    1.498  0.000  0.000    1.204  0.000  0.000    1.139  0.000  0.000    1.052  0.000  0.000    1.036  0.000  0.000    1.036  0.000  0.000   
MCTOP_ALLOC_MIN_LAT_HWCS            3.897  0.000  0.000    2.370  0.000  0.000    1.573  0.000  0.000    1.290  0.000  0.000    1.187  0.000  0.000    1.046  0.000  0.000    1.031  0.000  0.000    1.032  0.000  0.000   
MCTOP_ALLOC_MIN_LAT_CORES           3.895  0.000  0.000    2.387  0.000  0.000    1.605  0.000  0.000    1.277  0.000  0.000    1.185  0.000  0.000    1.044  0.000  0.000    1.021  0.000  0.000    1.069  0.000  0.000   
MCTOP_ALLOC_BW_ROUND_ROBIN_HWCS     3.962  0.000  0.000    2.032  0.000  0.000    1.399  0.000  0.000    1.134  0.000  0.000    1.082  0.000  0.000    1.048  0.000  0.000    1.034  0.000  0.000    1.052  0.000  0.000   
MCTOP_ALLOC_BW_ROUND_ROBIN_CORES    3.962  0.000  0.000    2.032  0.000  0.000    1.395  0.000  0.000    1.135  0.000  0.000    1.080  0.000  0.000    1.048  0.000  0.000    1.023  0.000  0.000    1.036  0.000  0.000   
./bin/lpd48core/string_match -- data/sm_1GB.txt --
Alloc policy                        6                      12                     18                     24                     30                     36                     42                     48                    
MCTOP_ALLOC_NONE                    2572   0.00   0.00     1301   0.00   0.00     860    0.00   0.00     648    0.00   0.00     930    0.00   0.00     435    0.00   0.00     377    0.00   0.00     553    0.00   0.00    
MCTOP_ALLOC_SEQUENTIAL              2294   0.00   0.00     1304   0.00   0.00     866    0.00   0.00     659    0.00   0.00     534    0.00   0.00     460    0.00   0.00     403    0.00   0.00     357    0.00   0.00    
MCTOP_ALLOC_MIN_LAT_HWCS            2294   0.00   0.00     1304   0.00   0.00     871    0.00   0.00     663    0.00   0.00     535    0.00   0.00     458    0.00   0.00     404    0.00   0.00     374    0.00   0.00    
MCTOP_ALLOC_MIN_LAT_CORES           2294   0.00   0.00     1304   0.00   0.00     876    0.00   0.00     663    0.00   0.00     546    0.00   0.00     458    0.00   0.00     400    0.00   0.00     360    0.00   0.00    
MCTOP_ALLOC_BW_ROUND_ROBIN_HWCS     2571   0.00   0.00     1311   0.00   0.00     876    0.00   0.00     670    0.00   0.00     541    0.00   0.00     464    0.00   0.00     411    0.00   0.00     360    0.00   0.00    
MCTOP_ALLOC_BW_ROUND_ROBIN_CORES    2490   0.00   0.00     1307   0.00   0.00     875    0.00   0.00     683    0.00   0.00     536    0.00   0.00     463    0.00   0.00     417    0.00   0.00     370    0.00   0.00    
./bin/lpd48core/string_match -- VS. seq
MCTOP_ALLOC_NONE                    1.121  0.000  0.000    0.998  0.000  0.000    0.993  0.000  0.000    0.983  0.000  0.000    1.742  0.000  0.000    0.946  0.000  0.000    0.935  0.000  0.000    1.549  0.000  0.000   
MCTOP_ALLOC_SEQUENTIAL              1.000  0.000  0.000    1.000  0.000  0.000    1.000  0.000  0.000    1.000  0.000  0.000    1.000  0.000  0.000    1.000  0.000  0.000    1.000  0.000  0.000    1.000  0.000  0.000   
MCTOP_ALLOC_MIN_LAT_HWCS            1.000  0.000  0.000    1.000  0.000  0.000    1.006  0.000  0.000    1.006  0.000  0.000    1.002  0.000  0.000    0.996  0.000  0.000    1.002  0.000  0.000    1.048  0.000  0.000   
MCTOP_ALLOC_MIN_LAT_CORES           1.000  0.000  0.000    1.000  0.000  0.000    1.012  0.000  0.000    1.006  0.000  0.000    1.022  0.000  0.000    0.996  0.000  0.000    0.993  0.000  0.000    1.008  0.000  0.000   
MCTOP_ALLOC_BW_ROUND_ROBIN_HWCS     1.121  0.000  0.000    1.005  0.000  0.000    1.012  0.000  0.000    1.017  0.000  0.000    1.013  0.000  0.000    1.009  0.000  0.000    1.020  0.000  0.000    1.008  0.000  0.000   
MCTOP_ALLOC_BW_ROUND_ROBIN_CORES    1.085  0.000  0.000    1.002  0.000  0.000    1.010  0.000  0.000    1.036  0.000  0.000    1.004  0.000  0.000    1.007  0.000  0.000    1.035  0.000  0.000    1.036  0.000  0.000   
./bin/lpd48core/string_match -- VS. best time
MCTOP_ALLOC_NONE                    7.204  0.000  0.000    3.644  0.000  0.000    2.409  0.000  0.000    1.815  0.000  0.000    2.605  0.000  0.000    1.218  0.000  0.000    1.056  0.000  0.000    1.549  0.000  0.000   
MCTOP_ALLOC_SEQUENTIAL              6.426  0.000  0.000    3.653  0.000  0.000    2.426  0.000  0.000    1.846  0.000  0.000    1.496  0.000  0.000    1.289  0.000  0.000    1.129  0.000  0.000    1.000  0.000  0.000   
MCTOP_ALLOC_MIN_LAT_HWCS            6.426  0.000  0.000    3.653  0.000  0.000    2.440  0.000  0.000    1.857  0.000  0.000    1.499  0.000  0.000    1.283  0.000  0.000    1.132  0.000  0.000    1.048  0.000  0.000   
MCTOP_ALLOC_MIN_LAT_CORES           6.426  0.000  0.000    3.653  0.000  0.000    2.454  0.000  0.000    1.857  0.000  0.000    1.529  0.000  0.000    1.283  0.000  0.000    1.120  0.000  0.000    1.008  0.000  0.000   
MCTOP_ALLOC_BW_ROUND_ROBIN_HWCS     7.202  0.000  0.000    3.672  0.000  0.000    2.454  0.000  0.000    1.877  0.000  0.000    1.515  0.000  0.000    1.300  0.000  0.000    1.151  0.000  0.000    1.008  0.000  0.000   
MCTOP_ALLOC_BW_ROUND_ROBIN_CORES    6.975  0.000  0.000    3.661  0.000  0.000    2.451  0.000  0.000    1.913  0.000  0.000    1.501  0.000  0.000    1.297  0.000  0.000    1.168  0.000  0.000    1.036  0.000  0.000   
