./bin/lpdquad/kmeans -- 10 16 5000000 40 --
Alloc policy                        12                     24                     48                     96                    
MCTOP_ALLOC_NONE                    3548   146.18 518.64   2977   165.76 493.46   1378   395.11 544.47   1446   403.72 583.78  
MCTOP_ALLOC_SEQUENTIAL              1899   302.00 573.49   1587   326.30 517.84   1309   393.08 514.54   1042   415.86 433.33  
MCTOP_ALLOC_MIN_LAT_HWCS            1054   294.46 310.36   763    308.67 235.52   946    339.98 321.62   1044   412.32 430.47  
MCTOP_ALLOC_MIN_LAT_CORES           846    299.80 253.63   1277   318.12 406.24   1333   400.85 534.33   1027   415.96 427.19  
MCTOP_ALLOC_BW_ROUND_ROBIN_HWCS     1709   295.27 504.62   1316   307.06 404.10   1078   341.46 368.09   978    417.41 408.23  
MCTOP_ALLOC_BW_ROUND_ROBIN_CORES    1860   298.18 554.61   1484   326.98 485.24   1332   395.36 526.62   967    419.54 405.70  
./bin/lpdquad/kmeans -- VS. seq
MCTOP_ALLOC_NONE                    1.868  0.484  0.904    1.876  0.508  0.953    1.053  1.005  1.058    1.388  0.971  1.347   
MCTOP_ALLOC_SEQUENTIAL              1.000  1.000  1.000    1.000  1.000  1.000    1.000  1.000  1.000    1.000  1.000  1.000   
MCTOP_ALLOC_MIN_LAT_HWCS            0.555  0.975  0.541    0.481  0.946  0.455    0.723  0.865  0.625    1.002  0.991  0.993   
MCTOP_ALLOC_MIN_LAT_CORES           0.445  0.993  0.442    0.805  0.975  0.784    1.018  1.020  1.038    0.986  1.000  0.986   
MCTOP_ALLOC_BW_ROUND_ROBIN_HWCS     0.900  0.978  0.880    0.829  0.941  0.780    0.824  0.869  0.715    0.939  1.004  0.942   
MCTOP_ALLOC_BW_ROUND_ROBIN_CORES    0.979  0.987  0.967    0.935  1.002  0.937    1.018  1.006  1.023    0.928  1.009  0.936   
./bin/lpdquad/kmeans -- VS. best time
MCTOP_ALLOC_NONE                    4.650  0.474  2.202    3.902  0.537  2.095    1.806  1.280  2.312    1.895  1.308  2.479   
MCTOP_ALLOC_SEQUENTIAL              2.489  0.978  2.435    2.080  1.057  2.199    1.716  1.273  2.185    1.366  1.347  1.840   
MCTOP_ALLOC_MIN_LAT_HWCS            1.381  0.954  1.318    1.000  1.000  1.000    1.240  1.101  1.366    1.368  1.336  1.828   
MCTOP_ALLOC_MIN_LAT_CORES           1.109  0.971  1.077    1.674  1.031  1.725    1.747  1.299  2.269    1.346  1.348  1.814   
MCTOP_ALLOC_BW_ROUND_ROBIN_HWCS     2.240  0.957  2.143    1.725  0.995  1.716    1.413  1.106  1.563    1.282  1.352  1.733   
MCTOP_ALLOC_BW_ROUND_ROBIN_CORES    2.438  0.966  2.355    1.945  1.059  2.060    1.746  1.281  2.236    1.267  1.359  1.723   
./bin/lpdquad/kmeans -- 10 32 50000000 80 --
Alloc policy                        12                     24                     48                     96                    
MCTOP_ALLOC_NONE                    43998  139.01 6116.15  18454  323.72 5973.95  16009  396.82 6352.67  11734  412.22 4837.05 
MCTOP_ALLOC_SEQUENTIAL              20358  290.67 5917.53  21614  306.03 6614.44  16338  399.79 6531.73  11496  410.17 4715.31 
MCTOP_ALLOC_MIN_LAT_HWCS            15749  256.47 4039.14  10665  284.46 3033.74  11793  326.32 3848.30  11905  407.45 4850.70 
MCTOP_ALLOC_MIN_LAT_CORES           9634   318.62 3069.57  15599  320.21 4994.99  19456  326.90 6360.13  11524  410.35 4728.85 
MCTOP_ALLOC_BW_ROUND_ROBIN_HWCS     17988  304.24 5472.62  16399  300.65 4930.41  13754  325.29 4474.05  11152  409.20 4563.44 
MCTOP_ALLOC_BW_ROUND_ROBIN_CORES    18993  314.78 5978.64  18405  322.43 5934.42  15709  399.84 6281.10  12202  407.40 4971.05 
./bin/lpdquad/kmeans -- VS. seq
MCTOP_ALLOC_NONE                    3.750  0.337  1.264    0.906  1.114  1.010    0.807  -47.915 -38.684  0.980  0.993  0.973   
MCTOP_ALLOC_SEQUENTIAL              1.000  1.000  1.000    1.000  1.000  1.000    1.000  1.000  1.000    1.000  1.000  1.000   
MCTOP_ALLOC_MIN_LAT_HWCS            0.980  0.995  0.975    0.774  0.882  0.683    0.493  0.930  0.459    0.722  0.816  0.589   
MCTOP_ALLOC_MIN_LAT_CORES           1.015  0.988  1.003    0.473  1.096  0.519    0.722  1.046  0.755    1.191  0.818  0.974   
MCTOP_ALLOC_BW_ROUND_ROBIN_HWCS     0.982  0.995  0.978    0.884  1.047  0.925    0.759  0.982  0.745    0.842  0.814  0.685   
MCTOP_ALLOC_BW_ROUND_ROBIN_CORES    0.950  0.993  0.943    0.933  1.083  1.010    0.852  1.054  0.897    0.962  1.000  0.962   
./bin/lpdquad/kmeans -- VS. best time
MCTOP_ALLOC_NONE                    4.567  0.436  1.993    1.916  1.016  1.946    1.811  -46.021 -83.358  1.662  1.245  2.070   
MCTOP_ALLOC_SEQUENTIAL              1.218  1.294  1.576    2.113  0.912  1.928    2.244  0.960  2.155    1.696  1.255  2.128   
MCTOP_ALLOC_MIN_LAT_HWCS            1.193  1.287  1.536    1.635  0.805  1.316    1.107  0.893  0.988    1.224  1.024  1.254   
MCTOP_ALLOC_MIN_LAT_CORES           1.236  1.279  1.580    1.000  1.000  1.000    1.619  1.005  1.627    2.020  1.026  2.072   
MCTOP_ALLOC_BW_ROUND_ROBIN_HWCS     1.196  1.288  1.541    1.867  0.955  1.783    1.702  0.944  1.606    1.428  1.021  1.458   
MCTOP_ALLOC_BW_ROUND_ROBIN_CORES    1.158  1.284  1.487    1.971  0.988  1.948    1.910  1.012  1.933    1.631  1.255  2.046   
./bin/lpdquad/mean -- -N10240000000 --
Alloc policy                        12                     24                     48                     96                    
MCTOP_ALLOC_NONE                    3040   307.46 934.67   3146   327.74 1031.08  3076   398.78 1226.65  3043   407.14 1238.94 
MCTOP_ALLOC_SEQUENTIAL              3098   306.41 949.25   3136   330.15 1035.34  3047   399.74 1218.02  3070   402.77 1236.51 
MCTOP_ALLOC_MIN_LAT_HWCS            1795   277.26 497.68   1733   298.06 516.54   2617   328.43 859.49   3068   400.81 1229.68 
MCTOP_ALLOC_MIN_LAT_CORES           1737   293.10 509.12   2639   326.18 860.79   3090   399.17 1233.44  3063   401.95 1231.19 
MCTOP_ALLOC_BW_ROUND_ROBIN_HWCS     2904   322.50 936.55   3039   314.08 954.50   3109   336.94 1047.55  3063   401.10 1228.57 
MCTOP_ALLOC_BW_ROUND_ROBIN_CORES    3105   307.15 953.71   3121   330.21 1030.59  3097   398.70 1234.77  3061   401.75 1229.76 
./bin/lpdquad/mean -- VS. seq
MCTOP_ALLOC_NONE                    0.981  1.003  0.985    1.003  0.993  0.996    1.010  0.998  1.007    0.991  1.011  1.002   
MCTOP_ALLOC_SEQUENTIAL              1.000  1.000  1.000    1.000  1.000  1.000    1.000  1.000  1.000    1.000  1.000  1.000   
MCTOP_ALLOC_MIN_LAT_HWCS            0.579  0.905  0.524    0.553  0.903  0.499    0.859  -249.668 -214.516 0.852  0.815  0.695   
MCTOP_ALLOC_MIN_LAT_CORES           0.990  1.308  1.295    0.554  0.888  0.492    0.866  0.816  0.707    1.007  0.991  0.998   
MCTOP_ALLOC_BW_ROUND_ROBIN_HWCS     0.989  1.312  1.297    0.926  0.977  0.905    0.997  0.786  0.784    1.013  0.837  0.847   
MCTOP_ALLOC_BW_ROUND_ROBIN_CORES    0.989  1.309  1.294    0.990  0.930  0.921    1.024  0.826  0.846    1.009  0.990  0.999   
./bin/lpdquad/mean -- VS. best time
MCTOP_ALLOC_NONE                    1.754  1.032  1.809    1.815  1.100  1.996    1.775  1.338  2.375    1.756  1.366  2.399   
MCTOP_ALLOC_SEQUENTIAL              1.788  1.028  1.838    1.810  1.108  2.004    1.758  1.341  2.358    1.771  1.351  2.394   
MCTOP_ALLOC_MIN_LAT_HWCS            1.036  0.930  0.964    1.000  1.000  1.000    1.511  -334.843 -505.839 1.510  1.102  1.664   
MCTOP_ALLOC_MIN_LAT_CORES           1.770  1.345  2.381    1.002  0.983  0.986    1.523  1.094  1.666    1.783  1.339  2.388   
MCTOP_ALLOC_BW_ROUND_ROBIN_HWCS     1.767  1.349  2.384    1.676  1.082  1.813    1.754  1.054  1.848    1.794  1.130  2.028   
MCTOP_ALLOC_BW_ROUND_ROBIN_CORES    1.767  1.346  2.378    1.792  1.031  1.846    1.801  1.108  1.995    1.787  1.338  2.390   
./bin/lpdquad/pca -- -R 2048 -C 2048 --
Alloc policy                        12                     24                     48                     96                    
MCTOP_ALLOC_NONE                    721    302.20 217.88   412    395.94 163.13   395    461.08 182.13   713    645.52 460.25  
MCTOP_ALLOC_SEQUENTIAL              680    327.85 222.94   383    397.52 152.25   263    542.16 142.59   495    537.55 266.09  
MCTOP_ALLOC_MIN_LAT_HWCS            938    314.92 295.39   585    338.33 197.92   372    436.69 162.45   562    514.61 289.21  
MCTOP_ALLOC_MIN_LAT_CORES           646    348.22 224.95   409    415.16 169.80   258    548.56 141.53   487    537.71 261.86  
MCTOP_ALLOC_BW_ROUND_ROBIN_HWCS     832    335.21 278.89   549    359.57 197.40   339    456.15 154.64   526    526.94 277.17  
MCTOP_ALLOC_BW_ROUND_ROBIN_CORES    668    355.67 237.59   382    422.10 161.24   259    548.96 142.18   471    544.07 256.26  
./bin/lpdquad/pca -- VS. seq
MCTOP_ALLOC_NONE                    1.060  0.922  0.977    1.076  0.996  1.071    1.502  0.850  1.277    1.440  1.201  1.730   
MCTOP_ALLOC_SEQUENTIAL              1.000  1.000  1.000    1.000  1.000  1.000    1.000  1.000  1.000    1.000  1.000  1.000   
MCTOP_ALLOC_MIN_LAT_HWCS            1.379  0.961  1.325    1.527  0.851  1.300    1.414  0.805  1.139    1.135  0.957  1.087   
MCTOP_ALLOC_MIN_LAT_CORES           0.950  1.062  1.009    1.068  1.044  1.115    0.981  1.012  0.993    0.984  1.000  0.984   
MCTOP_ALLOC_BW_ROUND_ROBIN_HWCS     1.224  1.022  1.251    1.433  0.905  1.297    1.289  0.841  1.084    1.063  0.980  1.042   
MCTOP_ALLOC_BW_ROUND_ROBIN_CORES    0.982  1.085  1.066    0.997  1.062  1.059    0.985  1.013  0.997    0.952  1.012  0.963   
./bin/lpdquad/pca -- VS. best time
MCTOP_ALLOC_NONE                    2.795  0.551  1.539    1.597  0.722  1.153    1.531  0.841  1.287    2.764  1.177  3.252   
MCTOP_ALLOC_SEQUENTIAL              2.636  0.598  1.575    1.484  0.725  1.076    1.019  0.988  1.007    1.919  0.980  1.880   
MCTOP_ALLOC_MIN_LAT_HWCS            3.636  0.574  2.087    2.267  0.617  1.398    1.442  0.796  1.148    2.178  0.938  2.043   
MCTOP_ALLOC_MIN_LAT_CORES           2.504  0.635  1.589    1.585  0.757  1.200    1.000  1.000  1.000    1.888  0.980  1.850   
MCTOP_ALLOC_BW_ROUND_ROBIN_HWCS     3.225  0.611  1.971    2.128  0.655  1.395    1.314  0.832  1.093    2.039  0.961  1.958   
MCTOP_ALLOC_BW_ROUND_ROBIN_CORES    2.589  0.648  1.679    1.481  0.769  1.139    1.004  1.001  1.005    1.826  0.992  1.811   
./bin/lpdquad/pca -- -R 8192 -C 8192 --
Alloc policy                        12                     24                     48                     96                    
MCTOP_ALLOC_NONE                    65297  150.58 9832.31  17770  363.23 6454.61  12960  441.41 5720.68  12110  512.97 6212.05 
MCTOP_ALLOC_SEQUENTIAL              30929  317.16 9809.52  18377  362.52 6662.08  13000  472.03 6136.41  14743  489.90 7222.58 
MCTOP_ALLOC_MIN_LAT_HWCS            38484  268.94 10349.85 23770  298.39 7092.64  16955  365.55 6197.98  14732  485.60 7153.84 
MCTOP_ALLOC_MIN_LAT_CORES           28010  288.31 8075.51  20788  351.67 7310.42  13670  469.50 6418.02  14428  488.87 7053.47 
MCTOP_ALLOC_BW_ROUND_ROBIN_HWCS     33774  321.79 10868.14 23250  325.54 7568.73  14839  381.63 5663.07  14739  485.84 7160.78 
MCTOP_ALLOC_BW_ROUND_ROBIN_CORES    31422  320.27 10063.60 18715  361.53 6765.95  13548  469.97 6367.21  14797  484.68 7171.87 
./bin/lpdquad/pca -- VS. seq
MCTOP_ALLOC_NONE                    2.111  0.475  1.002    0.967  1.002  0.969    0.997  0.935  0.932    0.821  1.047  0.860   
MCTOP_ALLOC_SEQUENTIAL              1.000  1.000  1.000    1.000  1.000  1.000    1.000  1.000  1.000    1.000  1.000  1.000   
MCTOP_ALLOC_MIN_LAT_HWCS            1.244  0.848  1.055    1.293  0.823  1.065    1.304  0.774  1.010    0.999  0.991  0.990   
MCTOP_ALLOC_MIN_LAT_CORES           0.912  -28.379 -25.873  1.524  0.795  1.212    1.599  0.745  1.191    0.927  0.958  0.889   
MCTOP_ALLOC_BW_ROUND_ROBIN_HWCS     0.466  1.541  0.719    1.838  0.888  1.631    1.788  0.690  1.233    1.007  0.779  0.784   
MCTOP_ALLOC_BW_ROUND_ROBIN_CORES    0.477  1.532  0.730    1.710  0.883  1.511    1.440  0.766  1.103    0.919  0.959  0.882   
./bin/lpdquad/pca -- VS. best time
MCTOP_ALLOC_NONE                    5.392  0.294  1.583    1.467  0.708  1.039    1.070  0.861  0.921    1.000  1.000  1.000   
MCTOP_ALLOC_SEQUENTIAL              2.554  0.618  1.579    1.518  0.707  1.072    1.073  0.920  0.988    1.217  0.955  1.163   
MCTOP_ALLOC_MIN_LAT_HWCS            3.178  0.524  1.666    1.963  0.582  1.142    1.400  0.713  0.998    1.217  0.947  1.152   
MCTOP_ALLOC_MIN_LAT_CORES           2.328  -17.547 -40.856  2.313  0.562  1.300    1.717  0.686  1.177    1.129  0.915  1.033   
MCTOP_ALLOC_BW_ROUND_ROBIN_HWCS     1.191  0.953  1.135    2.789  0.627  1.750    1.920  0.635  1.218    1.225  0.744  0.912   
MCTOP_ALLOC_BW_ROUND_ROBIN_CORES    1.217  0.947  1.153    2.595  0.624  1.620    1.545  0.705  1.089    1.119  0.916  1.025   
./bin/lpdquad/wc -- data/wc/300MB_1M_Keys.txt --
Alloc policy                        12                     24                     48                     96                    
MCTOP_ALLOC_NONE                    4370   337.72 1475.86  2984   368.46 1099.48  2311   429.52 992.63   2432   586.95 1427.46 
MCTOP_ALLOC_SEQUENTIAL              4385   328.54 1440.65  2899   375.44 1088.40  1967   480.86 945.84   1958   598.35 1171.58 
MCTOP_ALLOC_MIN_LAT_HWCS            6820   285.89 1949.77  4491   296.99 1333.77  2708   382.99 1037.13  1985   589.19 1169.54 
MCTOP_ALLOC_MIN_LAT_CORES           6233   313.14 1951.79  3466   346.75 1201.83  1983   479.22 950.29   1964   595.80 1170.15 
MCTOP_ALLOC_BW_ROUND_ROBIN_HWCS     4686   324.93 1522.62  3234   338.75 1095.52  2201   409.99 902.39   1984   590.89 1172.32 
MCTOP_ALLOC_BW_ROUND_ROBIN_CORES    4413   334.06 1474.19  2873   366.50 1052.96  1938   483.19 936.42   1935   596.63 1154.47 
./bin/lpdquad/wc -- VS. seq
MCTOP_ALLOC_NONE                    0.997  1.028  1.024    1.029  0.981  1.010    1.175  0.893  1.049    1.242  0.981  1.218   
MCTOP_ALLOC_SEQUENTIAL              1.000  1.000  1.000    1.000  1.000  1.000    1.000  1.000  1.000    1.000  1.000  1.000   
MCTOP_ALLOC_MIN_LAT_HWCS            1.555  0.870  1.353    1.542  -155.411 -239.631 2.283  0.618  1.410    1.383  0.640  0.885   
MCTOP_ALLOC_MIN_LAT_CORES           0.453  1.793  0.812    2.150  0.834  1.793    1.762  0.721  1.271    1.013  0.801  0.811   
MCTOP_ALLOC_BW_ROUND_ROBIN_HWCS     0.448  1.813  0.812    1.616  0.865  1.399    1.644  0.704  1.158    1.124  0.685  0.770   
MCTOP_ALLOC_BW_ROUND_ROBIN_CORES    0.452  1.799  0.814    1.522  0.890  1.354    1.461  0.762  1.113    0.990  0.808  0.799   
./bin/lpdquad/wc -- VS. best time
MCTOP_ALLOC_NONE                    2.255  0.699  1.576    1.540  0.763  1.174    1.192  0.889  1.060    1.255  1.215  1.524   
MCTOP_ALLOC_SEQUENTIAL              2.263  0.680  1.538    1.496  0.777  1.162    1.015  0.995  1.010    1.010  1.238  1.251   
MCTOP_ALLOC_MIN_LAT_HWCS            3.519  0.592  2.082    2.307  -120.756 -278.523 2.317  0.615  1.424    1.397  0.793  1.108   
MCTOP_ALLOC_MIN_LAT_CORES           1.024  1.219  1.249    3.216  0.648  2.084    1.788  0.718  1.283    1.023  0.992  1.015   
MCTOP_ALLOC_BW_ROUND_ROBIN_HWCS     1.013  1.233  1.250    2.418  0.672  1.626    1.669  0.701  1.170    1.136  0.849  0.964   
MCTOP_ALLOC_BW_ROUND_ROBIN_CORES    1.024  1.223  1.252    2.277  0.691  1.574    1.482  0.759  1.124    1.000  1.000  1.000   
./bin/lpdquad/wc -- data/wc/100MB.txt --
Alloc policy                        12                     24                     48                     96                    
MCTOP_ALLOC_NONE                    1460   277.00 404.41   705    398.49 280.93   523    541.91 283.42   675    636.65 429.74  
MCTOP_ALLOC_SEQUENTIAL              1229   325.16 399.62   736    374.93 275.95   482    561.37 270.58   655    687.73 450.46  
MCTOP_ALLOC_MIN_LAT_HWCS            1920   307.63 590.66   1087   344.60 374.58   661    463.71 306.51   644    697.14 448.96  
MCTOP_ALLOC_MIN_LAT_CORES           1604   321.08 515.01   837    371.51 310.96   498    549.06 273.43   639    696.47 445.04  
MCTOP_ALLOC_BW_ROUND_ROBIN_HWCS     1362   334.17 455.14   911    366.36 333.76   586    510.49 299.15   708    657.70 465.65  
MCTOP_ALLOC_BW_ROUND_ROBIN_CORES    1175   344.80 405.14   720    396.18 285.25   477    570.10 271.94   661    685.63 453.20  
./bin/lpdquad/wc -- VS. seq
MCTOP_ALLOC_NONE                    1.188  0.852  1.012    0.958  1.063  1.018    1.085  0.965  1.047    1.031  0.926  0.954   
MCTOP_ALLOC_SEQUENTIAL              1.000  1.000  1.000    1.000  1.000  1.000    1.000  1.000  1.000    1.000  1.000  1.000   
MCTOP_ALLOC_MIN_LAT_HWCS            1.562  0.946  1.478    1.477  0.919  1.357    1.371  0.826  1.133    0.983  1.014  0.997   
MCTOP_ALLOC_MIN_LAT_CORES           1.305  0.987  1.289    1.137  0.991  1.127    1.033  0.978  1.011    0.976  1.013  0.988   
MCTOP_ALLOC_BW_ROUND_ROBIN_HWCS     1.108  1.028  1.139    1.238  0.977  1.209    1.216  0.909  1.106    1.081  0.956  1.034   
MCTOP_ALLOC_BW_ROUND_ROBIN_CORES    0.956  1.060  1.014    0.978  1.057  1.034    0.990  1.016  1.005    1.009  0.997  1.006   
./bin/lpdquad/wc -- VS. best time
MCTOP_ALLOC_NONE                    3.061  0.486  1.487    1.478  0.699  1.033    1.096  0.951  1.042    1.415  1.117  1.580   
MCTOP_ALLOC_SEQUENTIAL              2.577  0.570  1.470    1.543  0.658  1.015    1.010  0.985  0.995    1.373  1.206  1.657   
MCTOP_ALLOC_MIN_LAT_HWCS            4.025  0.540  2.172    2.279  0.604  1.377    1.386  0.813  1.127    1.350  1.223  1.651   
MCTOP_ALLOC_MIN_LAT_CORES           3.363  0.563  1.894    1.755  0.652  1.143    1.044  0.963  1.006    1.340  1.222  1.637   
MCTOP_ALLOC_BW_ROUND_ROBIN_HWCS     2.855  0.586  1.674    1.910  0.643  1.227    1.229  0.895  1.100    1.484  1.154  1.712   
MCTOP_ALLOC_BW_ROUND_ROBIN_CORES    2.463  0.605  1.490    1.509  0.695  1.049    1.000  1.000  1.000    1.386  1.203  1.667   
./bin/lpdquad/wr -- data/wr/800MB.txt --
Alloc policy                        12                     24                     48                     96                    
MCTOP_ALLOC_NONE                    9148   276.27 2527.33  5487   361.92 1985.86  6874   421.70 2898.79  21627  411.57 8900.95 
MCTOP_ALLOC_SEQUENTIAL              7939   330.68 2625.27  5488   356.29 1955.29  6911   432.04 2985.81  23799  405.66 9654.35 
MCTOP_ALLOC_MIN_LAT_HWCS            13012  276.73 3600.78  11571  286.27 3312.39  15470  327.93 5073.08  20165  406.49 8196.86 
MCTOP_ALLOC_MIN_LAT_CORES           11782  295.12 3477.11  7544   336.07 2535.32  6169   434.29 2679.11  20928  409.12 8562.05 
MCTOP_ALLOC_BW_ROUND_ROBIN_HWCS     7753   351.86 2727.95  5794   335.93 1946.38  7207   370.37 2669.29  23073  405.66 9359.74 
MCTOP_ALLOC_BW_ROUND_ROBIN_CORES    7749   327.90 2540.93  5511   355.55 1959.45  7120   427.85 3046.31  23892  404.70 9669.01 
./bin/lpdquad/wr -- VS. seq
MCTOP_ALLOC_NONE                    1.152  0.835  0.963    1.000  1.016  1.016    0.995  0.976  0.971    0.909  1.015  0.922   
MCTOP_ALLOC_SEQUENTIAL              1.000  1.000  1.000    1.000  1.000  1.000    1.000  1.000  1.000    1.000  1.000  1.000   
MCTOP_ALLOC_MIN_LAT_HWCS            1.639  0.837  1.372    2.108  0.803  1.694    2.238  0.759  1.699    0.847  1.002  0.849   
MCTOP_ALLOC_MIN_LAT_CORES           1.484  0.892  1.324    1.375  0.943  1.297    0.893  1.005  0.897    0.879  1.009  0.887   
MCTOP_ALLOC_BW_ROUND_ROBIN_HWCS     0.977  1.064  1.039    1.056  0.943  0.995    1.043  0.857  0.894    0.969  1.000  0.969   
MCTOP_ALLOC_BW_ROUND_ROBIN_CORES    0.976  0.992  0.968    1.004  0.998  1.002    1.030  0.990  1.020    1.004  0.998  1.002   
./bin/lpdquad/wr -- VS. best time
MCTOP_ALLOC_NONE                    1.667  0.763  1.273    1.000  1.000  1.000    1.253  1.165  1.460    3.941  1.137  4.482   
MCTOP_ALLOC_SEQUENTIAL              1.447  0.914  1.322    1.000  0.984  0.985    1.260  1.194  1.504    4.337  1.121  4.862   
MCTOP_ALLOC_MIN_LAT_HWCS            2.371  0.765  1.813    2.109  0.791  1.668    2.819  0.906  2.555    3.675  1.123  4.128   
MCTOP_ALLOC_MIN_LAT_CORES           2.147  0.815  1.751    1.375  0.929  1.277    1.124  1.200  1.349    3.814  1.130  4.311   
MCTOP_ALLOC_BW_ROUND_ROBIN_HWCS     1.413  0.972  1.374    1.056  0.928  0.980    1.313  1.023  1.344    4.205  1.121  4.713   
MCTOP_ALLOC_BW_ROUND_ROBIN_CORES    1.412  0.906  1.280    1.004  0.982  0.987    1.298  1.182  1.534    4.354  1.118  4.869   
./bin/lpdquad/wrmem -- -s8192 --
Alloc policy                        12                     24                     48                     96                    
MCTOP_ALLOC_NONE                    36225  293.45 10630.10 26751  314.61 8416.18  23092  350.74 8099.18  21907  373.86 8190.08 
MCTOP_ALLOC_SEQUENTIAL              31239  302.97 9464.59  21091  335.73 7080.86  17760  403.26 7161.96  13084  440.92 5768.96 
MCTOP_ALLOC_MIN_LAT_HWCS            49813  258.99 12900.84 32162  291.62 9379.03  18471  349.98 6464.41  13741  438.57 6026.34 
MCTOP_ALLOC_MIN_LAT_CORES           36206  282.86 10241.12 21384  336.31 7191.68  18519  401.95 7443.80  13237  440.21 5827.10 
MCTOP_ALLOC_BW_ROUND_ROBIN_HWCS     34053  313.40 10672.32 25201  317.14 7992.21  17253  354.51 6116.29  14807  420.42 6225.13 
MCTOP_ALLOC_BW_ROUND_ROBIN_CORES    31102  304.12 9458.77  20951  337.56 7072.25  16533  403.44 6670.02  13454  440.66 5928.68 
./bin/lpdquad/wrmem -- VS. seq
MCTOP_ALLOC_NONE                    1.160  0.969  1.123    1.268  0.937  1.189    1.300  0.870  1.131    1.674  0.848  1.420   
MCTOP_ALLOC_SEQUENTIAL              1.000  1.000  1.000    1.000  1.000  1.000    1.000  1.000  1.000    1.000  1.000  1.000   
MCTOP_ALLOC_MIN_LAT_HWCS            1.595  0.855  1.363    1.525  0.869  1.325    1.040  0.868  0.903    1.050  0.995  1.045   
MCTOP_ALLOC_MIN_LAT_CORES           1.159  0.934  1.082    1.014  1.002  1.016    1.043  0.997  1.039    1.012  0.998  1.010   
MCTOP_ALLOC_BW_ROUND_ROBIN_HWCS     1.090  1.034  1.128    1.195  0.945  1.129    0.971  0.879  0.854    1.132  0.954  1.079   
MCTOP_ALLOC_BW_ROUND_ROBIN_CORES    0.996  1.004  0.999    0.993  1.005  0.999    0.931  1.000  0.931    1.028  0.999  1.028   
./bin/lpdquad/wrmem -- VS. best time
MCTOP_ALLOC_NONE                    2.769  0.666  1.843    2.045  0.714  1.459    1.765  0.795  1.404    1.674  0.848  1.420   
MCTOP_ALLOC_SEQUENTIAL              2.388  0.687  1.641    1.612  0.761  1.227    1.357  0.915  1.241    1.000  1.000  1.000   
MCTOP_ALLOC_MIN_LAT_HWCS            3.807  0.587  2.236    2.458  0.661  1.626    1.412  0.794  1.121    1.050  0.995  1.045   
MCTOP_ALLOC_MIN_LAT_CORES           2.767  0.642  1.775    1.634  0.763  1.247    1.415  0.912  1.290    1.012  0.998  1.010   
MCTOP_ALLOC_BW_ROUND_ROBIN_HWCS     2.603  0.711  1.850    1.926  0.719  1.385    1.319  0.804  1.060    1.132  0.954  1.079   
MCTOP_ALLOC_BW_ROUND_ROBIN_CORES    2.377  0.690  1.640    1.601  0.766  1.226    1.264  0.915  1.156    1.028  0.999  1.028   
./bin/lpdquad/matrix_mult -- -l3000 --
Alloc policy                        12                     24                     48                     96                    
MCTOP_ALLOC_NONE                    2787   295.48 823.50   1426   363.79 518.77   723    474.56 343.10   748    489.39 366.06  
MCTOP_ALLOC_SEQUENTIAL              2745   297.04 815.39   1435   354.18 508.26   761    464.70 353.63   790    479.94 379.16  
MCTOP_ALLOC_MIN_LAT_HWCS            5582   257.79 1438.98  2824   288.10 813.60   1462   351.72 514.22   806    471.28 379.85  
MCTOP_ALLOC_MIN_LAT_CORES           2752   284.49 782.91   1422   345.77 491.69   761    462.33 351.83   794    475.34 377.42  
MCTOP_ALLOC_BW_ROUND_ROBIN_HWCS     3374   314.21 1060.14  2628   310.15 815.08   1464   357.15 522.87   802    474.26 380.36  
MCTOP_ALLOC_BW_ROUND_ROBIN_CORES    2607   308.72 804.82   1427   351.08 500.99   759    468.87 355.87   787    479.17 377.11  
./bin/lpdquad/matrix_mult -- VS. seq
MCTOP_ALLOC_NONE                    1.015  0.995  1.010    0.994  1.027  1.021    0.950  1.021  0.970    0.947  1.020  0.965   
MCTOP_ALLOC_SEQUENTIAL              1.000  1.000  1.000    1.000  1.000  1.000    1.000  1.000  1.000    1.000  1.000  1.000   
MCTOP_ALLOC_MIN_LAT_HWCS            2.034  0.868  1.765    1.968  0.813  1.601    1.921  0.757  1.454    1.020  0.982  1.002   
MCTOP_ALLOC_MIN_LAT_CORES           1.003  0.958  0.960    0.991  0.976  0.967    1.000  0.995  0.995    1.005  0.990  0.995   
MCTOP_ALLOC_BW_ROUND_ROBIN_HWCS     1.229  1.058  1.300    1.831  0.876  1.604    1.924  0.769  1.479    1.015  0.988  1.003   
MCTOP_ALLOC_BW_ROUND_ROBIN_CORES    0.950  1.039  0.987    0.994  0.991  0.986    0.997  1.009  1.006    0.996  0.998  0.995   
./bin/lpdquad/matrix_mult -- VS. best time
MCTOP_ALLOC_NONE                    3.855  0.623  2.400    1.972  0.767  1.512    1.000  1.000  1.000    1.035  1.031  1.067   
MCTOP_ALLOC_SEQUENTIAL              3.797  0.626  2.377    1.985  0.746  1.481    1.053  0.979  1.031    1.093  1.011  1.105   
MCTOP_ALLOC_MIN_LAT_HWCS            7.721  0.543  4.194    3.906  0.607  2.371    2.022  0.741  1.499    1.115  0.993  1.107   
MCTOP_ALLOC_MIN_LAT_CORES           3.806  0.599  2.282    1.967  0.729  1.433    1.053  0.974  1.025    1.098  1.002  1.100   
MCTOP_ALLOC_BW_ROUND_ROBIN_HWCS     4.667  0.662  3.090    3.635  0.654  2.376    2.025  0.753  1.524    1.109  0.999  1.109   
MCTOP_ALLOC_BW_ROUND_ROBIN_CORES    3.606  0.651  2.346    1.974  0.740  1.460    1.050  0.988  1.037    1.089  1.010  1.099   
./bin/lpdquad/matrix_mult -- -l6000 --
Alloc policy                        12                     24                     48                     96                    
MCTOP_ALLOC_NONE                    20712  305.91 6335.95  11243  357.71 4021.69  5713   487.98 2787.81  5817   507.66 2953.06 
MCTOP_ALLOC_SEQUENTIAL              20993  313.23 6575.70  11258  357.79 4027.94  5692   489.06 2783.70  5836   504.55 2944.53 
MCTOP_ALLOC_MIN_LAT_HWCS            45529  257.96 11744.56 22824  290.23 6624.15  11536  360.27 4156.11  5826   503.47 2933.24 
MCTOP_ALLOC_MIN_LAT_CORES           22060  287.83 6349.58  11177  352.73 3942.43  5668   487.17 2761.31  5826   504.86 2941.32 
MCTOP_ALLOC_BW_ROUND_ROBIN_HWCS     27530  315.85 8695.30  21415  312.65 6695.50  11568  365.27 4225.46  5912   503.78 2978.33 
MCTOP_ALLOC_BW_ROUND_ROBIN_CORES    20788  309.87 6441.50  11241  357.19 4015.22  5683   488.60 2776.71  5828   504.74 2941.62 
./bin/lpdquad/matrix_mult -- VS. seq
MCTOP_ALLOC_NONE                    0.987  0.977  0.964    0.999  1.000  0.998    1.004  0.998  1.001    0.997  1.006  1.003   
MCTOP_ALLOC_SEQUENTIAL              1.000  1.000  1.000    1.000  1.000  1.000    1.000  1.000  1.000    1.000  1.000  1.000   
MCTOP_ALLOC_MIN_LAT_HWCS            2.169  0.824  1.786    2.027  0.811  1.645    2.027  0.737  1.493    0.998  0.998  0.996   
MCTOP_ALLOC_MIN_LAT_CORES           1.051  0.919  0.966    0.993  0.986  0.979    0.996  0.996  0.992    0.998  1.001  0.999   
MCTOP_ALLOC_BW_ROUND_ROBIN_HWCS     1.311  1.008  1.322    1.902  0.874  1.662    2.032  0.747  1.518    1.013  0.998  1.011   
MCTOP_ALLOC_BW_ROUND_ROBIN_CORES    0.990  0.989  0.980    0.999  -64.151 -64.082  1.975  0.730  1.442    0.974  0.968  0.943   
./bin/lpdquad/matrix_mult -- VS. best time
MCTOP_ALLOC_NONE                    3.654  0.628  2.295    1.984  0.734  1.456    1.008  1.002  1.010    1.026  1.042  1.069   
MCTOP_ALLOC_SEQUENTIAL              3.704  0.643  2.381    1.986  0.734  1.459    1.004  1.004  1.008    1.030  1.036  1.066   
MCTOP_ALLOC_MIN_LAT_HWCS            8.033  0.529  4.253    4.027  0.596  2.399    2.035  0.740  1.505    1.028  1.033  1.062   
MCTOP_ALLOC_MIN_LAT_CORES           3.892  0.591  2.299    1.972  0.724  1.428    1.000  1.000  1.000    1.028  1.036  1.065   
MCTOP_ALLOC_BW_ROUND_ROBIN_HWCS     4.857  0.648  3.149    3.778  0.642  2.425    2.041  0.750  1.530    1.043  1.034  1.079   
MCTOP_ALLOC_BW_ROUND_ROBIN_CORES    3.668  0.636  2.333    1.984  -47.113 -93.477  1.983  0.733  1.454    1.003  1.003  1.006   
./bin/lpdquad/wsearchmem -- -i8192 --
Alloc policy                        12                     24                     48                     96                    
MCTOP_ALLOC_NONE                    1582   150.08 237.43   824    192.36 158.50   353    439.53 155.15   372    488.66 181.78  
MCTOP_ALLOC_SEQUENTIAL              689    312.09 215.03   425    350.07 148.78   372    418.58 155.71   384    445.53 171.09  
MCTOP_ALLOC_MIN_LAT_HWCS            1169   257.03 300.47   607    288.81 175.31   352    353.12 124.30   382    436.82 166.86  
MCTOP_ALLOC_MIN_LAT_CORES           719    284.90 204.84   401    347.04 139.16   374    418.04 156.35   382    443.47 169.40  
MCTOP_ALLOC_BW_ROUND_ROBIN_HWCS     780    318.11 248.12   564    316.70 178.62   385    357.15 137.50   384    438.74 168.48  
MCTOP_ALLOC_BW_ROUND_ROBIN_CORES    705    309.77 218.39   416    350.18 145.67   368    418.37 153.96   381    443.51 168.98  
./bin/lpdquad/wsearchmem -- VS. seq
MCTOP_ALLOC_NONE                    2.296  0.481  1.104    1.939  0.549  1.065    0.949  1.050  0.996    0.969  1.097  1.063   
MCTOP_ALLOC_SEQUENTIAL              1.000  1.000  1.000    1.000  1.000  1.000    1.000  1.000  1.000    1.000  1.000  1.000   
MCTOP_ALLOC_MIN_LAT_HWCS            1.697  0.824  1.397    1.428  0.825  1.178    0.946  0.844  0.798    0.995  0.980  0.975   
MCTOP_ALLOC_MIN_LAT_CORES           1.044  0.913  0.953    0.944  0.991  0.935    1.005  0.999  1.004    0.995  0.995  0.990   
MCTOP_ALLOC_BW_ROUND_ROBIN_HWCS     1.132  1.019  1.154    1.327  0.905  1.201    1.035  0.853  0.883    1.000  0.985  0.985   
MCTOP_ALLOC_BW_ROUND_ROBIN_CORES    1.023  0.993  1.016    0.979  1.000  0.979    0.989  1.000  0.989    0.992  0.995  0.988   
./bin/lpdquad/wsearchmem -- VS. best time
MCTOP_ALLOC_NONE                    4.494  0.425  1.910    2.341  0.545  1.275    1.003  1.245  1.248    1.057  1.384  1.462   
MCTOP_ALLOC_SEQUENTIAL              1.957  0.884  1.730    1.207  0.991  1.197    1.057  1.185  1.253    1.091  1.262  1.376   
MCTOP_ALLOC_MIN_LAT_HWCS            3.321  0.728  2.417    1.724  0.818  1.410    1.000  1.000  1.000    1.085  1.237  1.342   
MCTOP_ALLOC_MIN_LAT_CORES           2.043  0.807  1.648    1.139  0.983  1.120    1.062  1.184  1.258    1.085  1.256  1.363   
MCTOP_ALLOC_BW_ROUND_ROBIN_HWCS     2.216  0.901  1.996    1.602  0.897  1.437    1.094  1.011  1.106    1.091  1.242  1.355   
MCTOP_ALLOC_BW_ROUND_ROBIN_CORES    2.003  0.877  1.757    1.182  0.992  1.172    1.045  1.185  1.239    1.082  1.256  1.359   
./bin/lpdquad/wsearchmem -- -i32768 --
Alloc policy                        12                     24                     48                     96                    
MCTOP_ALLOC_NONE                    6115   151.41 925.88   1621   367.45 595.63   1363   450.36 613.84   1384   462.42 639.99  
MCTOP_ALLOC_SEQUENTIAL              2614   314.94 823.24   1501   363.22 545.19   1376   436.73 600.94   1368   440.64 602.79  
MCTOP_ALLOC_MIN_LAT_HWCS            4489   257.73 1156.95  2303   291.08 670.37   1264   366.67 463.47   1363   441.56 601.84  
MCTOP_ALLOC_MIN_LAT_CORES           2757   287.20 791.81   1472   357.18 525.77   1371   436.61 598.59   1363   440.83 600.85  
MCTOP_ALLOC_BW_ROUND_ROBIN_HWCS     3011   320.73 965.71   2151   323.58 696.01   1402   366.79 514.23   1363   438.40 597.53  
MCTOP_ALLOC_BW_ROUND_ROBIN_CORES    2631   314.58 827.66   1543   361.10 557.18   1380   437.53 603.79   1360   441.10 599.90  
./bin/lpdquad/wsearchmem -- VS. seq
MCTOP_ALLOC_NONE                    2.339  0.481  1.125    1.080  1.012  1.093    0.991  1.031  1.021    1.012  1.049  1.062   
MCTOP_ALLOC_SEQUENTIAL              1.000  1.000  1.000    1.000  1.000  1.000    1.000  1.000  1.000    1.000  1.000  1.000   
MCTOP_ALLOC_MIN_LAT_HWCS            1.717  0.818  1.405    1.534  0.801  1.230    0.919  0.840  0.771    0.996  1.002  0.998   
MCTOP_ALLOC_MIN_LAT_CORES           1.055  0.912  0.962    0.981  0.983  0.964    0.996  1.000  0.996    0.996  1.000  0.997   
MCTOP_ALLOC_BW_ROUND_ROBIN_HWCS     1.152  1.018  1.173    1.433  0.891  1.277    1.019  0.840  0.856    0.996  0.995  0.991   
MCTOP_ALLOC_BW_ROUND_ROBIN_CORES    1.007  0.999  1.005    1.028  0.994  1.022    1.003  1.002  1.005    0.994  1.001  0.995   
./bin/lpdquad/wsearchmem -- VS. best time
MCTOP_ALLOC_NONE                    4.838  0.413  1.998    1.282  1.002  1.285    1.078  1.228  1.324    1.095  1.261  1.381   
MCTOP_ALLOC_SEQUENTIAL              2.068  0.859  1.776    1.188  0.991  1.176    1.089  1.191  1.297    1.082  1.202  1.301   
MCTOP_ALLOC_MIN_LAT_HWCS            3.551  0.703  2.496    1.822  0.794  1.446    1.000  1.000  1.000    1.078  1.204  1.299   
MCTOP_ALLOC_MIN_LAT_CORES           2.181  0.783  1.708    1.165  0.974  1.134    1.085  1.191  1.292    1.078  1.202  1.296   
MCTOP_ALLOC_BW_ROUND_ROBIN_HWCS     2.382  0.875  2.084    1.702  0.882  1.502    1.109  1.000  1.110    1.078  1.196  1.289   
MCTOP_ALLOC_BW_ROUND_ROBIN_CORES    2.081  0.858  1.786    1.221  0.985  1.202    1.092  1.193  1.303    1.076  1.203  1.294   
./bin/lpdquad/matrix_mult2 -- -l3000 --
Alloc policy                        12                     24                     48                     96                    
MCTOP_ALLOC_NONE                    2613   296.65 775.15   1349   359.68 485.21   708    475.26 336.49   650    528.80 343.72  
MCTOP_ALLOC_SEQUENTIAL              2494   313.53 781.93   1359   356.16 484.02   717    471.14 337.80   696    514.25 357.92  
MCTOP_ALLOC_MIN_LAT_HWCS            4762   272.98 1299.93  2418   301.84 729.84   1262   372.68 470.32   708    501.84 355.30  
MCTOP_ALLOC_MIN_LAT_CORES           2462   292.30 719.63   1306   349.83 456.88   711    469.58 333.87   679    515.11 349.76  
MCTOP_ALLOC_BW_ROUND_ROBIN_HWCS     3541   318.35 1127.27  2298   321.85 739.62   1270   378.72 480.97   704    513.03 361.17  
MCTOP_ALLOC_BW_ROUND_ROBIN_CORES    2520   309.69 780.42   1353   354.18 479.21   716    470.75 337.06   696    515.43 358.74  
./bin/lpdquad/matrix_mult2 -- VS. seq
MCTOP_ALLOC_NONE                    1.048  0.946  0.991    0.993  1.010  1.002    0.987  1.009  0.996    0.934  1.028  0.960   
MCTOP_ALLOC_SEQUENTIAL              1.000  1.000  1.000    1.000  1.000  1.000    1.000  1.000  1.000    1.000  1.000  1.000   
MCTOP_ALLOC_MIN_LAT_HWCS            1.909  0.871  1.662    1.779  0.847  1.508    1.760  0.791  1.392    1.017  0.976  0.993   
MCTOP_ALLOC_MIN_LAT_CORES           0.987  0.932  0.920    0.961  0.982  0.944    0.992  0.997  0.988    0.976  1.002  0.977   
MCTOP_ALLOC_BW_ROUND_ROBIN_HWCS     1.420  1.015  1.442    1.691  0.904  1.528    1.771  0.804  1.424    1.011  0.998  1.009   
MCTOP_ALLOC_BW_ROUND_ROBIN_CORES    1.010  0.988  0.998    0.996  0.994  0.990    0.999  0.999  0.998    1.000  1.002  1.002   
./bin/lpdquad/matrix_mult2 -- VS. best time
MCTOP_ALLOC_NONE                    4.020  0.561  2.255    2.075  0.680  1.412    1.089  0.899  0.979    1.000  1.000  1.000   
MCTOP_ALLOC_SEQUENTIAL              3.837  0.593  2.275    2.091  0.674  1.408    1.103  0.891  0.983    1.071  0.972  1.041   
MCTOP_ALLOC_MIN_LAT_HWCS            7.326  0.516  3.782    3.720  0.571  2.123    1.942  0.705  1.368    1.089  0.949  1.034   
MCTOP_ALLOC_MIN_LAT_CORES           3.788  0.553  2.094    2.009  0.662  1.329    1.094  0.888  0.971    1.045  0.974  1.018   
MCTOP_ALLOC_BW_ROUND_ROBIN_HWCS     5.448  0.602  3.280    3.535  0.609  2.152    1.954  0.716  1.399    1.083  0.970  1.051   
MCTOP_ALLOC_BW_ROUND_ROBIN_CORES    3.877  0.586  2.271    2.082  0.670  1.394    1.102  0.890  0.981    1.071  0.975  1.044   
./bin/lpdquad/matrix_mult2 -- -l6000 --
Alloc policy                        12                     24                     48                     96                    
MCTOP_ALLOC_NONE                    18733  307.13 5753.55  10205  362.51 3699.38  5205   496.25 2583.00  4923   547.57 2695.68 
MCTOP_ALLOC_SEQUENTIAL              18500  311.84 5769.10  10064  362.82 3651.47  5111   500.73 2559.21  4956   548.12 2716.51 
MCTOP_ALLOC_MIN_LAT_HWCS            37779  262.21 9906.18  19008  299.37 5690.35  9706   381.24 3700.28  5025   542.04 2723.73 
MCTOP_ALLOC_MIN_LAT_CORES           19162  289.58 5548.98  9877   358.27 3538.67  5129   494.81 2537.89  4940   545.43 2694.44 
MCTOP_ALLOC_BW_ROUND_ROBIN_HWCS     27116  321.69 8722.85  18035  325.30 5866.76  9780   386.65 3781.41  4984   544.61 2714.33 
MCTOP_ALLOC_BW_ROUND_ROBIN_CORES    18697  312.93 5850.84  10048  364.07 3658.21  5191   497.60 2583.03  4953   545.57 2702.19 
./bin/lpdquad/matrix_mult2 -- VS. seq
MCTOP_ALLOC_NONE                    1.013  0.985  0.997    1.014  0.999  1.013    1.018  0.991  1.009    0.993  0.999  0.992   
MCTOP_ALLOC_SEQUENTIAL              1.000  1.000  1.000    1.000  1.000  1.000    1.000  1.000  1.000    1.000  1.000  1.000   
MCTOP_ALLOC_MIN_LAT_HWCS            2.042  0.841  1.717    1.889  0.825  1.558    1.899  0.761  1.446    1.014  0.989  1.003   
MCTOP_ALLOC_MIN_LAT_CORES           1.036  0.929  0.962    0.981  0.987  0.969    1.004  0.988  0.992    0.997  0.995  0.992   
MCTOP_ALLOC_BW_ROUND_ROBIN_HWCS     1.466  1.032  1.512    1.792  0.897  1.607    1.914  0.772  1.478    1.006  0.994  0.999   
MCTOP_ALLOC_BW_ROUND_ROBIN_CORES    1.011  1.003  1.014    0.998  1.003  1.002    1.016  0.994  1.009    0.999  0.995  0.995   
./bin/lpdquad/matrix_mult2 -- VS. best time
MCTOP_ALLOC_NONE                    3.805  0.561  2.134    2.073  0.662  1.372    1.057  0.906  0.958    1.000  1.000  1.000   
MCTOP_ALLOC_SEQUENTIAL              3.758  0.570  2.140    2.044  0.663  1.355    1.038  0.914  0.949    1.007  1.001  1.008   
MCTOP_ALLOC_MIN_LAT_HWCS            7.674  0.479  3.675    3.861  0.547  2.111    1.972  0.696  1.373    1.021  0.990  1.010   
MCTOP_ALLOC_MIN_LAT_CORES           3.892  0.529  2.058    2.006  0.654  1.313    1.042  0.904  0.941    1.003  0.996  1.000   
MCTOP_ALLOC_BW_ROUND_ROBIN_HWCS     5.508  0.587  3.236    3.663  0.594  2.176    1.987  0.706  1.403    1.012  0.995  1.007   
MCTOP_ALLOC_BW_ROUND_ROBIN_CORES    3.798  0.571  2.170    2.041  0.665  1.357    1.054  0.909  0.958    1.006  0.996  1.002   
./bin/lpdquad/hist -- /localhome/metis/data/hist-20.8g.bmp --
Alloc policy                        12                     24                     48                     96                    
MCTOP_ALLOC_NONE                    3776   148.70 561.49   996    358.78 357.35   619    465.03 287.85   861    454.15 391.02  
MCTOP_ALLOC_SEQUENTIAL              1902   332.72 632.84   1015   368.48 374.01   626    462.66 289.62   597    502.62 300.06  
MCTOP_ALLOC_MIN_LAT_HWCS            2920   312.82 913.44   1548   318.83 493.55   836    376.75 314.96   588    488.45 287.21  
MCTOP_ALLOC_MIN_LAT_CORES           1901   306.92 583.46   1019   352.63 359.33   626    456.81 285.96   605    489.14 295.93  
MCTOP_ALLOC_BW_ROUND_ROBIN_HWCS     2462   320.37 788.76   1507   337.75 508.98   805    388.14 312.45   603    490.43 295.73  
MCTOP_ALLOC_BW_ROUND_ROBIN_CORES    1904   341.11 649.47   983    381.14 374.66   632    466.53 294.85   606    495.80 300.45  
./bin/lpdquad/hist -- VS. seq
MCTOP_ALLOC_NONE                    1.985  0.447  0.887    0.981  0.974  0.955    0.989  1.005  0.994    1.425  -0.004 -0.006  
MCTOP_ALLOC_SEQUENTIAL              1.000  1.000  1.000    1.000  1.000  1.000    1.000  1.000  1.000    1.000  1.000  1.000   
MCTOP_ALLOC_MIN_LAT_HWCS            0.314  1.511  0.474    2.877  0.849  2.442    2.473  0.689  1.704    1.384  -0.003 -0.005  
MCTOP_ALLOC_MIN_LAT_CORES           0.309  1.468  0.454    1.873  0.833  1.560    1.628  0.762  1.241    1.036  -0.004 -0.004  
MCTOP_ALLOC_BW_ROUND_ROBIN_HWCS     0.318  1.470  0.468    2.426  0.869  2.109    2.407  0.730  1.757    1.333  -0.004 -0.005  
MCTOP_ALLOC_BW_ROUND_ROBIN_CORES    0.317  1.474  0.467    1.876  0.926  1.737    1.570  0.824  1.294    1.046  -0.004 -0.005  
./bin/lpdquad/hist -- VS. best time
MCTOP_ALLOC_NONE                    6.422  0.304  1.955    1.694  0.735  1.244    1.053  0.952  1.002    1.464  0.930  1.361   
MCTOP_ALLOC_SEQUENTIAL              3.235  0.681  2.203    1.726  0.754  1.302    1.065  0.947  1.008    1.027  -221.127 -227.144
MCTOP_ALLOC_MIN_LAT_HWCS            1.015  1.029  1.045    4.966  0.640  3.180    2.633  0.653  1.718    1.422  0.771  1.097   
MCTOP_ALLOC_MIN_LAT_CORES           1.000  1.000  1.000    3.233  0.628  2.031    1.733  0.722  1.251    1.065  0.935  0.996   
MCTOP_ALLOC_BW_ROUND_ROBIN_HWCS     1.029  1.001  1.030    4.187  0.656  2.746    2.563  0.691  1.772    1.369  0.795  1.088   
MCTOP_ALLOC_BW_ROUND_ROBIN_CORES    1.026  1.004  1.030    3.238  0.698  2.261    1.672  0.780  1.305    1.075  0.955  1.027   
./bin/lpdquad/linear_regression -- data/lr_4GB.txt --
Alloc policy                        12                     24                     48                     96                    
MCTOP_ALLOC_NONE                    362    329.02 119.10   186    385.38 71.68    112    472.61 52.93    270    455.39 122.95  
MCTOP_ALLOC_SEQUENTIAL              405    289.59 117.28   222    336.01 74.60    142    410.82 58.34    142    486.22 69.04   
MCTOP_ALLOC_MIN_LAT_HWCS            635    265.13 168.36   335    286.73 96.06    223    333.48 74.37    163    440.25 71.76   
MCTOP_ALLOC_MIN_LAT_CORES           401    281.87 113.03   221    329.11 72.73    152    397.71 60.45    146    473.86 69.18   
MCTOP_ALLOC_BW_ROUND_ROBIN_HWCS     505    286.97 144.92   342    305.42 104.46   195    365.17 71.21    146    472.06 68.92   
MCTOP_ALLOC_BW_ROUND_ROBIN_CORES    398    291.62 116.07   222    336.61 74.73    142    411.80 58.48    144    485.21 69.87   
./bin/lpdquad/linear_regression -- VS. seq
MCTOP_ALLOC_NONE                    0.894  1.136  1.016    0.838  1.147  0.961    0.789  1.150  0.907    1.901  0.937  1.781   
MCTOP_ALLOC_SEQUENTIAL              1.000  1.000  1.000    1.000  1.000  1.000    1.000  1.000  1.000    1.000  1.000  1.000   
MCTOP_ALLOC_MIN_LAT_HWCS            1.568  0.916  1.435    1.509  0.853  1.288    1.570  0.812  1.275    1.148  0.905  1.039   
MCTOP_ALLOC_MIN_LAT_CORES           0.990  0.973  0.964    0.995  0.979  0.975    1.070  0.968  1.036    1.028  0.975  1.002   
MCTOP_ALLOC_BW_ROUND_ROBIN_HWCS     1.247  0.991  1.236    1.541  0.909  1.400    1.373  0.889  1.221    1.028  0.971  0.998   
MCTOP_ALLOC_BW_ROUND_ROBIN_CORES    0.983  1.007  0.990    1.000  1.002  1.002    1.000  1.002  1.002    1.014  0.998  1.012   
./bin/lpdquad/linear_regression -- VS. best time
MCTOP_ALLOC_NONE                    3.232  0.696  2.250    1.661  0.815  1.354    1.000  1.000  1.000    2.411  0.964  2.323   
MCTOP_ALLOC_SEQUENTIAL              3.616  0.613  2.216    1.982  0.711  1.409    1.268  0.869  1.102    1.268  1.029  1.304   
MCTOP_ALLOC_MIN_LAT_HWCS            5.670  0.561  3.181    2.991  0.607  1.815    1.991  0.706  1.405    1.455  0.932  1.356   
MCTOP_ALLOC_MIN_LAT_CORES           3.580  0.596  2.135    1.973  0.696  1.374    1.357  0.842  1.142    1.304  1.003  1.307   
MCTOP_ALLOC_BW_ROUND_ROBIN_HWCS     4.509  0.607  2.738    3.054  0.646  1.973    1.741  0.773  1.345    1.304  0.999  1.302   
MCTOP_ALLOC_BW_ROUND_ROBIN_CORES    3.554  0.617  2.193    1.982  0.712  1.412    1.268  0.871  1.105    1.286  1.027  1.320   
./bin/lpdquad/string_match -- data/sm_1GB.txt --
Alloc policy                        12                     24                     48                     96                    
MCTOP_ALLOC_NONE                    699    214.22 149.74   288    327.05 94.19    174    427.41 74.37    177    529.69 93.75   
MCTOP_ALLOC_SEQUENTIAL              536    310.92 166.66   293    353.65 103.62   173    430.45 74.47    114    577.00 65.78   
MCTOP_ALLOC_MIN_LAT_HWCS            818    285.33 233.40   427    314.11 134.12   245    360.91 88.42    124    533.58 66.16   
MCTOP_ALLOC_MIN_LAT_CORES           537    287.68 154.48   288    337.59 97.23    166    428.25 71.09    114    574.89 65.54   
MCTOP_ALLOC_BW_ROUND_ROBIN_HWCS     590    316.18 186.55   394    318.97 125.67   218    370.92 80.86    123    541.03 66.55   
MCTOP_ALLOC_BW_ROUND_ROBIN_CORES    548    288.70 158.21   296    337.16 99.80    179    414.73 74.24    116    562.65 65.27   
./bin/lpdquad/string_match -- VS. seq
MCTOP_ALLOC_NONE                    1.304  0.689  0.898    0.983  0.925  0.909    1.006  0.993  0.999    1.553  0.918  1.425   
MCTOP_ALLOC_SEQUENTIAL              1.000  1.000  1.000    1.000  1.000  1.000    1.000  1.000  1.000    1.000  1.000  1.000   
MCTOP_ALLOC_MIN_LAT_HWCS            1.526  0.918  1.400    1.457  0.888  1.294    1.416  0.838  1.187    1.088  0.925  1.006   
MCTOP_ALLOC_MIN_LAT_CORES           1.002  0.925  0.927    0.983  0.955  0.938    0.960  0.995  0.955    1.000  0.996  0.996   
MCTOP_ALLOC_BW_ROUND_ROBIN_HWCS     1.101  1.017  1.119    1.345  0.902  1.213    1.260  0.862  1.086    1.079  0.938  1.012   
MCTOP_ALLOC_BW_ROUND_ROBIN_CORES    1.022  0.929  0.949    1.010  0.953  0.963    1.035  0.963  0.997    1.018  0.975  0.992   
./bin/lpdquad/string_match -- VS. best time
MCTOP_ALLOC_NONE                    6.132  0.371  2.276    2.526  0.567  1.432    1.526  0.741  1.131    1.553  0.918  1.425   
MCTOP_ALLOC_SEQUENTIAL              4.702  0.539  2.534    2.570  0.613  1.575    1.518  0.746  1.132    1.000  1.000  1.000   
MCTOP_ALLOC_MIN_LAT_HWCS            7.175  0.494  3.548    3.746  0.544  2.039    2.149  0.625  1.344    1.088  0.925  1.006   
MCTOP_ALLOC_MIN_LAT_CORES           4.711  0.499  2.349    2.526  0.585  1.478    1.456  0.742  1.081    1.000  0.996  0.996   
MCTOP_ALLOC_BW_ROUND_ROBIN_HWCS     5.175  0.548  2.836    3.456  0.553  1.911    1.912  0.643  1.229    1.079  0.938  1.012   
MCTOP_ALLOC_BW_ROUND_ROBIN_CORES    4.807  0.500  2.405    2.596  0.584  1.517    1.570  0.719  1.129    1.018  0.975  0.992   
