./bin/lpdxeon2680/kmeans -- 10 16 5000000 40 --
Alloc policy                             10                     20                     30                     40                    
MCTOP_ALLOC_NONE                         1241   131.52 163.22   973    168.42 163.87   814    180.27 146.74   718    183.47 131.73  
MCTOP_ALLOC_SEQUENTIAL                   765    125.09 95.69    1064   170.33 181.23   830    176.50 146.49   721    182.01 131.23  
MCTOP_ALLOC_MIN_LAT_HWCS                 1121   101.17 113.41   767    124.73 95.66    812    159.34 129.38   728    181.41 132.06  
MCTOP_ALLOC_MIN_LAT_CORES                800    120.39 96.32    994    171.33 170.30   835    177.50 148.22   745    182.84 136.22  
MCTOP_ALLOC_MIN_LAT_HWCS_BALANCE         1096   102.74 112.61   731    125.41 91.67    798    163.56 130.52   722    179.96 129.93  
MCTOP_ALLOC_MIN_LAT_CORES_HWCS_BALANCE   795    120.68 95.94    746    125.74 93.80    849    177.86 151.01   723    181.69 131.36  
MCTOP_ALLOC_BW_ROUND_ROBIN_HWCS          1345   117.75 158.37   1006   140.68 141.52   810    164.85 133.53   712    182.21 129.73  
MCTOP_ALLOC_BW_ROUND_ROBIN_CORES         1274   130.91 166.78   1009   171.76 173.31   840    176.66 148.39   732    182.76 133.78  
./bin/lpdxeon2680/kmeans -- 10 32 50000000 80 --
Alloc policy                             10                     20                     30                     40                    
MCTOP_ALLOC_NONE                         14802  131.28 1943.14  12202  169.89 2072.99  10362  182.92 1895.40  9128   185.21 1690.62 
MCTOP_ALLOC_SEQUENTIAL                   10396  119.77 1245.10  12257  179.55 2200.69  10725  182.20 1954.11  8883   184.91 1642.54 
MCTOP_ALLOC_MIN_LAT_HWCS                 17261  101.44 1751.02  10583  124.61 1318.78  10610  161.31 1711.51  9069   180.77 1639.44 
MCTOP_ALLOC_MIN_LAT_CORES                10476  119.63 1253.19  12242  174.49 2136.08  10365  179.66 1862.18  9101   184.51 1679.26 
MCTOP_ALLOC_MIN_LAT_HWCS_BALANCE         17104  101.40 1734.31  10740  124.05 1332.31  11012  165.24 1819.65  9070   182.59 1656.06 
MCTOP_ALLOC_MIN_LAT_CORES_HWCS_BALANCE   10537  120.87 1273.60  10801  125.09 1351.05  10737  179.30 1925.14  9010   181.99 1639.77 
MCTOP_ALLOC_BW_ROUND_ROBIN_HWCS          17987  116.63 2097.74  12944  143.08 1852.04  10261  164.08 1683.62  8767   183.49 1608.66 
MCTOP_ALLOC_BW_ROUND_ROBIN_CORES         14731  130.39 1920.77  12476  172.94 2157.56  10623  178.87 1900.17  9221   183.53 1692.32 
./bin/lpdxeon2680/mean -- -N10240000000 --
Alloc policy                             10                     20                     30                     40                    
MCTOP_ALLOC_NONE                         2605   155.15 404.16   2607   183.35 477.98   2557   194.79 498.07   2648   196.24 519.65  
MCTOP_ALLOC_SEQUENTIAL                   1864   150.16 279.89   2587   190.64 493.20   2554   192.15 490.75   2637   196.35 517.77  
MCTOP_ALLOC_MIN_LAT_HWCS                 1811   128.64 232.96   1711   150.36 257.27   2534   176.54 447.35   2642   196.04 517.94  
MCTOP_ALLOC_MIN_LAT_CORES                1709   147.52 252.11   2590   190.76 494.07   2554   192.17 490.80   2637   196.30 517.63  
MCTOP_ALLOC_MIN_LAT_HWCS_BALANCE         1783   129.29 230.53   1712   150.31 257.34   2621   180.25 472.43   2642   196.46 519.05  
MCTOP_ALLOC_MIN_LAT_CORES_HWCS_BALANCE   1707   147.54 251.85   1714   150.45 257.87   2607   193.29 503.91   2639   196.32 518.08  
MCTOP_ALLOC_BW_ROUND_ROBIN_HWCS          2632   142.79 375.81   2616   158.98 415.89   2623   180.46 473.35   2653   196.32 520.84  
MCTOP_ALLOC_BW_ROUND_ROBIN_CORES         2590   154.95 401.33   2592   190.79 494.53   2606   193.58 504.48   2642   196.34 518.73  
./bin/lpdxeon2680/pca -- -R 2048 -C 2048 --
Alloc policy                             10                     20                     30                     40                    
MCTOP_ALLOC_NONE                         781    145.36 113.52   482    200.17 96.48    399    227.84 90.91    377    236.95 89.33   
MCTOP_ALLOC_SEQUENTIAL                   682    152.05 103.70   412    212.88 87.71    401    224.48 90.01    376    234.38 88.13   
MCTOP_ALLOC_MIN_LAT_HWCS                 1044   130.45 136.19   610    162.92 99.38    441    200.23 88.30    380    232.82 88.47   
MCTOP_ALLOC_MIN_LAT_CORES                678    154.66 104.86   417    212.76 88.72    400    226.07 90.43    378    234.58 88.67   
MCTOP_ALLOC_MIN_LAT_HWCS_BALANCE         1045   129.05 134.85   613    161.65 99.09    431    208.32 89.78    376    234.65 88.23   
MCTOP_ALLOC_MIN_LAT_CORES_HWCS_BALANCE   681    150.82 102.71   604    161.80 97.73    395    225.98 89.26    376    234.29 88.09   
MCTOP_ALLOC_BW_ROUND_ROBIN_HWCS          973    130.86 127.33   615    166.00 102.09   435    206.77 89.94    378    234.58 88.67   
MCTOP_ALLOC_BW_ROUND_ROBIN_CORES         676    153.80 103.97   413    213.61 88.22    397    228.00 90.52    376    235.56 88.57   
./bin/lpdxeon2680/pca -- -R 8192 -C 8192 --
Alloc policy                             10                     20                     30                     40                    
MCTOP_ALLOC_NONE                         30047  152.46 4580.97  18071  202.64 3661.84  17327  222.25 3850.84  14267  220.38 3144.14 
MCTOP_ALLOC_SEQUENTIAL                   29051  143.59 4171.30  15936  208.65 3325.02  15707  213.39 3351.70  14533  220.65 3206.67 
MCTOP_ALLOC_MIN_LAT_HWCS                 44050  119.61 5268.76  24111  150.69 3633.35  17353  189.27 3284.33  14014  215.75 3023.51 
MCTOP_ALLOC_MIN_LAT_CORES                28851  139.94 4037.51  16843  205.64 3463.66  15783  211.06 3331.09  14115  216.58 3056.97 
MCTOP_ALLOC_MIN_LAT_HWCS_BALANCE         43658  119.54 5218.87  24319  150.70 3664.80  16682  195.97 3269.23  13735  216.71 2976.58 
MCTOP_ALLOC_MIN_LAT_CORES_HWCS_BALANCE   29170  146.39 4270.34  24237  150.38 3644.80  16707  212.48 3549.83  13990  216.85 3033.72 
MCTOP_ALLOC_BW_ROUND_ROBIN_HWCS          43069  135.16 5821.16  23766  161.31 3833.73  16856  196.06 3304.75  13786  216.96 2991.02 
MCTOP_ALLOC_BW_ROUND_ROBIN_CORES         29364  153.48 4506.86  16409  207.03 3397.08  16861  213.52 3600.10  14024  217.19 3045.93 
./bin/lpdxeon2680/wc -- data/wc/300MB_1M_Keys.txt --
Alloc policy                             10                     20                     30                     40                    
MCTOP_ALLOC_NONE                         5537   144.52 800.18   3611   188.47 680.57   3186   212.94 678.41   2585   231.84 599.30  
MCTOP_ALLOC_SEQUENTIAL                   6469   143.58 928.82   3410   201.03 685.50   2922   217.25 634.80   2508   233.02 584.40  
MCTOP_ALLOC_MIN_LAT_HWCS                 7390   127.02 938.70   4509   147.12 663.35   3098   194.35 602.11   2510   231.64 581.41  
MCTOP_ALLOC_MIN_LAT_CORES                6436   144.67 931.07   3413   200.92 685.73   2916   217.16 633.23   2509   231.64 581.18  
MCTOP_ALLOC_MIN_LAT_HWCS_BALANCE         7445   119.27 887.95   4556   145.36 662.28   2993   200.74 600.81   2536   232.33 589.19  
MCTOP_ALLOC_MIN_LAT_CORES_HWCS_BALANCE   6494   141.71 920.28   4550   145.19 660.62   2919   217.32 634.34   2526   232.09 586.26  
MCTOP_ALLOC_BW_ROUND_ROBIN_HWCS          6331   132.11 836.40   3946   161.02 635.40   2993   201.15 602.03   2521   231.71 584.15  
MCTOP_ALLOC_BW_ROUND_ROBIN_CORES         5486   143.28 786.03   3422   201.52 689.62   2883   218.68 630.44   2506   231.96 581.28  
./bin/lpdxeon2680/wc -- data/wc/100MB.txt --
Alloc policy                             10                     20                     30                     40                    
MCTOP_ALLOC_NONE                         1423   145.37 206.85   880    193.34 170.14   744    221.57 164.85   660    249.27 164.52  
MCTOP_ALLOC_SEQUENTIAL                   1675   148.73 249.12   856    199.75 170.99   727    222.17 161.52   652    231.72 151.08  
MCTOP_ALLOC_MIN_LAT_HWCS                 1992   129.09 257.16   1155   157.20 181.56   795    198.36 157.70   651    245.05 159.53  
MCTOP_ALLOC_MIN_LAT_CORES                1600   146.13 233.82   861    199.21 171.52   749    221.12 165.62   665    244.91 162.87  
MCTOP_ALLOC_MIN_LAT_HWCS_BALANCE         1969   131.14 258.22   1149   155.67 178.87   775    206.51 160.05   657    243.86 160.22  
MCTOP_ALLOC_MIN_LAT_CORES_HWCS_BALANCE   1599   149.36 238.83   1162   160.57 186.58   758    220.58 167.20   663    243.27 161.29  
MCTOP_ALLOC_BW_ROUND_ROBIN_HWCS          1746   131.78 230.09   1078   160.32 172.83   768    205.69 157.97   659    245.69 161.91  
MCTOP_ALLOC_BW_ROUND_ROBIN_CORES         1429   148.61 212.37   843    199.97 168.58   736    221.60 163.10   666    246.43 164.12  
./bin/lpdxeon2680/wr -- data/wr/800MB.txt --
Alloc policy                             10                     20                     30                     40                    
MCTOP_ALLOC_NONE                         9952   146.05 1453.44  7092   184.88 1311.17  6317   210.27 1328.26  6865   219.04 1503.71 
MCTOP_ALLOC_SEQUENTIAL                   11806  136.92 1616.49  6330   200.49 1269.09  5960   212.52 1266.65  6109   221.21 1351.35 
MCTOP_ALLOC_MIN_LAT_HWCS                 13350  125.61 1676.87  8630   144.68 1248.58  6229   190.58 1187.10  6244   219.37 1369.74 
MCTOP_ALLOC_MIN_LAT_CORES                11804  139.24 1643.61  6357   199.88 1270.66  5982   211.52 1265.29  6324   218.29 1380.45 
MCTOP_ALLOC_MIN_LAT_HWCS_BALANCE         13388  125.30 1677.50  8626   144.42 1245.74  5941   199.79 1186.94  6260   218.73 1369.24 
MCTOP_ALLOC_MIN_LAT_CORES_HWCS_BALANCE   11829  140.46 1661.47  8647   144.33 1247.98  5686   215.11 1223.10  6366   217.97 1387.63 
MCTOP_ALLOC_BW_ROUND_ROBIN_HWCS          11304  131.53 1486.82  7296   161.61 1179.14  5903   199.63 1178.40  6195   219.52 1359.94 
MCTOP_ALLOC_BW_ROUND_ROBIN_CORES         9968   147.28 1468.07  6379   199.71 1273.93  5666   215.55 1221.32  6195   219.33 1358.76 
./bin/lpdxeon2680/wrmem -- -s8192 --
Alloc policy                             10                     20                     30                     40                    
MCTOP_ALLOC_NONE                         40728  133.78 5448.60  25978  172.24 4474.42  23387  184.47 4314.12  21913  189.97 4162.90 
MCTOP_ALLOC_SEQUENTIAL                   43280  124.37 5382.91  24104  183.54 4424.07  22305  190.54 4250.04  19995  200.09 4000.85 
MCTOP_ALLOC_MIN_LAT_HWCS                 60930  104.72 6380.40  38168  136.49 5209.65  24260  173.45 4207.80  19896  199.13 3961.80 
MCTOP_ALLOC_MIN_LAT_CORES                43169  124.90 5391.87  23735  183.79 4362.35  21570  191.24 4125.01  19523  200.08 3906.20 
MCTOP_ALLOC_MIN_LAT_HWCS_BALANCE         60581  105.38 6384.33  38173  134.39 5130.19  22720  176.38 4007.26  19509  200.11 3903.93 
MCTOP_ALLOC_MIN_LAT_CORES_HWCS_BALANCE   43883  126.67 5558.58  38437  134.56 5171.91  20523  190.87 3917.30  19573  199.88 3912.30 
MCTOP_ALLOC_BW_ROUND_ROBIN_HWCS          51196  119.94 6140.49  32318  147.28 4759.68  22760  176.79 4023.64  19531  199.74 3901.14 
MCTOP_ALLOC_BW_ROUND_ROBIN_CORES         38629  134.51 5195.82  23805  183.95 4378.83  20321  191.20 3885.40  19559  199.55 3903.04 
./bin/lpdxeon2680/matrix_mult -- -l3000 --
Alloc policy                             10                     20                     30                     40                    
MCTOP_ALLOC_NONE                         3984   133.49 531.82   2255   159.96 360.72   1987   168.75 335.30   1970   168.93 332.80  
MCTOP_ALLOC_SEQUENTIAL                   3992   123.66 493.64   2016   167.16 336.99   2018   167.30 337.61   1986   168.09 333.82  
MCTOP_ALLOC_MIN_LAT_HWCS                 7753   97.29  754.31   3903   117.80 459.76   2616   147.40 385.61   1989   167.92 334.00  
MCTOP_ALLOC_MIN_LAT_CORES                3982   122.98 489.71   2027   167.03 338.57   2030   167.35 339.71   1984   167.84 332.99  
MCTOP_ALLOC_MIN_LAT_HWCS_BALANCE         7753   97.35  754.77   3903   117.69 459.33   2467   151.97 374.92   1993   167.26 333.36  
MCTOP_ALLOC_MIN_LAT_CORES_HWCS_BALANCE   3982   116.77 464.97   3907   117.49 459.02   2006   167.19 335.39   1987   167.25 332.33  
MCTOP_ALLOC_BW_ROUND_ROBIN_HWCS          6533   112.11 732.42   3906   128.28 501.05   2463   151.98 374.32   1998   167.18 334.02  
MCTOP_ALLOC_BW_ROUND_ROBIN_CORES         3998   127.26 508.79   2027   167.21 338.93   2002   167.25 334.83   1995   167.54 334.24  
./bin/lpdxeon2680/matrix_mult -- -l6000 --
Alloc policy                             10                     20                     30                     40                    
MCTOP_ALLOC_NONE                         33995  125.05 4250.97  18677  156.93 2930.95  15985  169.38 2707.56  15925  170.36 2713.06 
MCTOP_ALLOC_SEQUENTIAL                   31750  118.58 3765.01  15994  166.81 2667.94  15986  168.75 2697.67  15925  170.49 2715.01 
MCTOP_ALLOC_MIN_LAT_HWCS                 63105  99.41  6273.41  31611  118.33 3740.58  21154  148.37 3138.71  15917  169.75 2701.92 
MCTOP_ALLOC_MIN_LAT_CORES                31759  117.10 3719.09  15982  166.02 2653.33  15992  167.92 2685.45  15953  169.98 2711.70 
MCTOP_ALLOC_MIN_LAT_HWCS_BALANCE         63078  99.05  6248.07  31590  118.25 3735.41  19883  153.01 3042.30  15916  169.55 2698.59 
MCTOP_ALLOC_MIN_LAT_CORES_HWCS_BALANCE   31752  117.04 3716.31  31606  118.58 3747.74  15972  167.93 2682.14  15918  169.63 2700.16 
MCTOP_ALLOC_BW_ROUND_ROBIN_HWCS          52859  112.30 5936.08  31630  129.65 4100.98  19844  153.34 3042.78  15912  169.82 2702.10 
MCTOP_ALLOC_BW_ROUND_ROBIN_CORES         31867  127.31 4057.13  16006  166.72 2668.48  16012  168.54 2698.62  15917  170.25 2709.90 
./bin/lpdxeon2680/wsearchmem -- -i8192 --
Alloc policy                             10                     20                     30                     40                    
MCTOP_ALLOC_NONE                         1155   139.97 161.66   635    177.15 112.49   464    203.41 94.38    391    214.41 83.84   
MCTOP_ALLOC_SEQUENTIAL                   1124   125.45 141.01   571    188.26 107.50   473    198.83 94.05    411    209.65 86.17   
MCTOP_ALLOC_MIN_LAT_HWCS                 1521   106.71 162.31   777    135.67 105.42   539    175.71 94.71    413    206.53 85.30   
MCTOP_ALLOC_MIN_LAT_CORES                1120   125.09 140.10   579    185.53 107.42   479    194.29 93.06    410    207.82 85.21   
MCTOP_ALLOC_MIN_LAT_HWCS_BALANCE         1521   106.67 162.25   775    135.63 105.11   517    181.98 94.08    407    206.84 84.19   
MCTOP_ALLOC_MIN_LAT_CORES_HWCS_BALANCE   1125   124.01 139.51   775    136.00 105.40   472    196.21 92.61    413    206.32 85.21   
MCTOP_ALLOC_BW_ROUND_ROBIN_HWCS          1407   122.28 172.05   774    150.87 116.77   504    184.10 92.78    424    205.33 87.06   
MCTOP_ALLOC_BW_ROUND_ROBIN_CORES         1119   137.28 153.62   573    185.27 106.16   475    195.55 92.88    413    206.20 85.16   
./bin/lpdxeon2680/wsearchmem -- -i32768 --
Alloc policy                             10                     20                     30                     40                    
MCTOP_ALLOC_NONE                         4448   139.92 622.36   2429   182.18 442.52   1840   201.45 370.68   1574   212.39 334.30  
MCTOP_ALLOC_SEQUENTIAL                   4448   126.10 560.90   2239   189.83 425.04   1841   199.90 368.02   1564   212.41 332.21  
MCTOP_ALLOC_MIN_LAT_HWCS                 6056   108.10 654.65   3070   137.05 420.74   2084   177.20 369.28   1564   210.24 328.81  
MCTOP_ALLOC_MIN_LAT_CORES                4443   129.34 574.66   2241   187.30 419.74   1842   196.98 362.84   1571   209.86 329.70  
MCTOP_ALLOC_MIN_LAT_HWCS_BALANCE         6060   108.12 655.19   3065   137.14 420.32   1963   185.67 364.47   1563   210.59 329.15  
MCTOP_ALLOC_MIN_LAT_CORES_HWCS_BALANCE   4444   124.17 551.81   3066   135.69 416.03   1835   199.06 365.28   1580   209.14 330.44  
MCTOP_ALLOC_BW_ROUND_ROBIN_HWCS          5589   121.89 681.25   3049   151.11 460.73   1960   186.12 364.79   1566   210.01 328.88  
MCTOP_ALLOC_BW_ROUND_ROBIN_CORES         4432   137.87 611.04   2247   187.01 420.22   1838   199.23 366.19   1560   210.34 328.12  
./bin/lpdxeon2680/matrix_mult2 -- -l3000 --
Alloc policy                             10                     20                     30                     40                    
MCTOP_ALLOC_NONE                         3108   131.06 407.34   1419   183.54 260.44   1421   188.00 267.15   1405   192.00 269.76  
MCTOP_ALLOC_SEQUENTIAL                   2788   132.18 368.51   1422   181.98 258.78   1444   186.15 268.79   1430   190.60 272.55  
MCTOP_ALLOC_MIN_LAT_HWCS                 5483   102.70 563.10   2776   127.41 353.68   1867   163.10 304.51   1425   188.68 268.87  
MCTOP_ALLOC_MIN_LAT_CORES                2791   123.50 344.69   1424   180.82 257.49   1440   185.99 267.82   1409   190.47 268.37  
MCTOP_ALLOC_MIN_LAT_HWCS_BALANCE         5479   102.56 561.91   2768   127.38 352.60   1768   169.74 300.09   1424   189.18 269.40  
MCTOP_ALLOC_MIN_LAT_CORES_HWCS_BALANCE   2791   123.37 344.33   2759   127.30 351.22   1435   186.02 266.94   1421   188.51 267.88  
MCTOP_ALLOC_BW_ROUND_ROBIN_HWCS          4682   116.95 547.58   2793   138.97 388.14   1769   170.66 301.91   1424   190.11 270.72  
MCTOP_ALLOC_BW_ROUND_ROBIN_CORES         2835   135.43 383.95   1434   182.05 261.05   1434   187.05 268.23   1430   190.61 272.58  
./bin/lpdxeon2680/matrix_mult2 -- -l6000 --
Alloc policy                             10                     20                     30                     40                    
MCTOP_ALLOC_NONE                         22678  134.43 3048.67  12656  174.41 2207.31  11340  189.44 2148.20  11132  192.89 2147.29 
MCTOP_ALLOC_SEQUENTIAL                   22103  123.92 2738.92  11233  181.54 2039.20  11282  186.26 2101.43  11130  191.83 2135.01 
MCTOP_ALLOC_MIN_LAT_HWCS                 43865  103.03 4519.59  22025  131.41 2894.41  14786  163.87 2422.93  11180  191.42 2140.09 
MCTOP_ALLOC_MIN_LAT_CORES                22103  125.01 2763.02  11244  181.33 2038.92  11274  185.84 2095.18  11147  191.55 2135.21 
MCTOP_ALLOC_MIN_LAT_HWCS_BALANCE         43825  103.70 4544.76  21985  127.56 2804.44  13957  170.40 2378.26  11190  191.69 2144.97 
MCTOP_ALLOC_MIN_LAT_CORES_HWCS_BALANCE   22103  123.63 2732.51  21992  130.72 2874.74  11249  187.26 2106.45  11152  191.02 2130.30 
MCTOP_ALLOC_BW_ROUND_ROBIN_HWCS          37195  117.94 4386.63  22146  139.38 3086.62  13952  170.13 2373.72  11160  192.21 2145.08 
MCTOP_ALLOC_BW_ROUND_ROBIN_CORES         22459  134.79 3027.34  11260  182.96 2060.09  11300  188.51 2130.12  11158  191.81 2140.17 
./bin/lpdxeon2680/hist -- data/hist-2.6g.bmp --
Alloc policy                             10                     20                     30                     40                    
MCTOP_ALLOC_NONE                         351    139.72 49.04    229    165.63 37.93    216    187.34 40.47    175    201.99 35.35   
MCTOP_ALLOC_SEQUENTIAL                   340    143.21 48.69    203    184.63 37.48    189    187.94 35.52    175    198.92 34.81   
MCTOP_ALLOC_MIN_LAT_HWCS                 505    125.70 63.48    297    147.38 43.77    202    175.70 35.49    204    190.11 38.78   
MCTOP_ALLOC_MIN_LAT_CORES                339    140.92 47.77    203    182.54 37.06    205    185.99 38.13    184    190.78 35.10   
MCTOP_ALLOC_MIN_LAT_HWCS_BALANCE         505    127.81 64.54    277    143.74 39.82    213    171.77 36.59    170    198.77 33.79   
MCTOP_ALLOC_MIN_LAT_CORES_HWCS_BALANCE   333    144.12 47.99    293    144.41 42.31    194    185.51 35.99    182    191.93 34.93   
MCTOP_ALLOC_BW_ROUND_ROBIN_HWCS          473    127.18 60.16    283    146.45 41.45    199    178.31 35.48    179    195.18 34.94   
MCTOP_ALLOC_BW_ROUND_ROBIN_CORES         346    148.12 51.25    206    180.74 37.23    192    185.91 35.70    178    193.74 34.49   
./bin/lpdxeon2680/linear_regression -- data/lr_4GB.txt --
Alloc policy                             10                     20                     30                     40                    
MCTOP_ALLOC_NONE                         610    156.33 95.36    351    196.00 68.80    356    196.09 69.81    281    218.23 61.32   
MCTOP_ALLOC_SEQUENTIAL                   608    146.73 89.21    326    198.74 64.79    304    207.76 63.16    278    218.58 60.77   
MCTOP_ALLOC_MIN_LAT_HWCS                 978    123.11 120.40   494    154.48 76.31    357    184.15 65.74    284    212.96 60.48   
MCTOP_ALLOC_MIN_LAT_CORES                616    137.01 84.40    330    198.49 65.50    302    206.76 62.44    287    213.12 61.17   
MCTOP_ALLOC_MIN_LAT_HWCS_BALANCE         985    115.04 113.32   503    145.45 73.16    337    190.51 64.20    284    213.40 60.61   
MCTOP_ALLOC_MIN_LAT_CORES_HWCS_BALANCE   613    145.91 89.44    508    152.67 77.56    308    205.65 63.34    298    208.29 62.07   
MCTOP_ALLOC_BW_ROUND_ROBIN_HWCS          878    128.27 112.62   507    153.67 77.91    337    190.67 64.26    287    213.14 61.17   
MCTOP_ALLOC_BW_ROUND_ROBIN_CORES         618    145.05 89.64    333    198.91 66.24    304    207.82 63.18    285    212.65 60.61   
./bin/lpdxeon2680/string_match -- data/sm_1GB.txt --
Alloc policy                             10                     20                     30                     40                    
MCTOP_ALLOC_NONE                         845    127.11 107.41   448    165.47 74.13    367    176.79 64.88    369    181.22 66.87   
MCTOP_ALLOC_SEQUENTIAL                   854    127.24 108.66   421    169.46 71.34    377    174.55 65.81    349    181.12 63.21   
MCTOP_ALLOC_MIN_LAT_HWCS                 1407   101.75 143.17   707    125.40 88.66    454    156.85 71.21    353    178.51 63.02   
MCTOP_ALLOC_MIN_LAT_CORES                870    127.10 110.58   432    168.52 72.80    383    173.28 66.37    350    180.82 63.29   
MCTOP_ALLOC_MIN_LAT_HWCS_BALANCE         1405   101.95 143.23   717    125.10 89.70    435    159.92 69.57    359    175.76 63.10   
MCTOP_ALLOC_MIN_LAT_CORES_HWCS_BALANCE   877    124.67 109.33   710    125.04 88.78    395    172.29 68.05    359    177.42 63.69   
MCTOP_ALLOC_BW_ROUND_ROBIN_HWCS          1194   114.33 136.51   674    133.71 90.12    431    160.78 69.30    348    179.59 62.50   
MCTOP_ALLOC_BW_ROUND_ROBIN_CORES         833    127.13 105.90   425    167.52 71.20    393    172.91 67.95    360    177.37 63.85   
