## Compiling... Done!
./bin/ol-collab1/kmeans -- 10 16 5000000 40 --
Alloc policy                             32                     64                     96                     128                    160                    192                    224                    256                   
MCTOP_ALLOC_NONE                         4871   0.00   0.00     9046   0.00   0.00     5275   0.00   0.00     7006   0.00   0.00     791723880 0.00   0.00     9558   0.00   0.00     6375   0.00   0.00     7369   0.00   0.00    
MCTOP_ALLOC_SEQUENTIAL                   4064   0.00   0.00     5628   0.00   0.00     5453   0.00   0.00     4958   0.00   0.00     4937   0.00   0.00     6232   0.00   0.00     5579   0.00   0.00     6883   0.00   0.00    
MCTOP_ALLOC_MIN_LAT_HWCS                 4141   0.00   0.00     5693   0.00   0.00     4487   0.00   0.00     4887   0.00   0.00     5417   0.00   0.00     5324   0.00   0.00     5448   0.00   0.00     7130   0.00   0.00    
MCTOP_ALLOC_MIN_LAT_CORES                7409   0.00   0.00     9252   0.00   0.00     8692   0.00   0.00     5257   0.00   0.00     5675   0.00   0.00     6359   0.00   0.00     5982   0.00   0.00     5744   0.00   0.00    
MCTOP_ALLOC_MIN_LAT_CORES_HWCS_BALANCE   4220   0.00   0.00     5448   0.00   0.00     4513   0.00   0.00     5103   0.00   0.00     4607   0.00   0.00     5668   0.00   0.00     6259   0.00   0.00     5595   0.00   0.00    
MCTOP_ALLOC_BW_ROUND_ROBIN_CORES         7670   0.00   0.00     9212   0.00   0.00     8021   0.00   0.00     6550   0.00   0.00     5165   0.00   0.00     6260   0.00   0.00     5975   0.00   0.00     7302   0.00   0.00    
./bin/ol-collab1/mean -- -N10240000000 --
Alloc policy                             32                     64                     96                     128                    160                    192                    224                    256                   
MCTOP_ALLOC_NONE                         2873   0.00   0.00     3155   0.00   0.00     2606   0.00   0.00     2576   0.00   0.00     2651   0.00   0.00     2706   0.00   0.00     2746   0.00   0.00     2791   0.00   0.00    
MCTOP_ALLOC_SEQUENTIAL                   7469   0.00   0.00     5825   0.00   0.00     3612   0.00   0.00     3230   0.00   0.00     2788   0.00   0.00     2824   0.00   0.00     2830   0.00   0.00     2804   0.00   0.00    
MCTOP_ALLOC_MIN_LAT_HWCS                 7503   0.00   0.00     5745   0.00   0.00     3656   0.00   0.00     3329   0.00   0.00     2760   0.00   0.00     2831   0.00   0.00     2878   0.00   0.00     2855   0.00   0.00    
MCTOP_ALLOC_MIN_LAT_CORES                2509   0.00   0.00     2532   0.00   0.00     2598   0.00   0.00     2591   0.00   0.00     2753   0.00   0.00     2734   0.00   0.00     2929   0.00   0.00     2833   0.00   0.00    
MCTOP_ALLOC_MIN_LAT_CORES_HWCS_BALANCE   5751   0.00   0.00     5735   0.00   0.00     3277   0.00   0.00     3262   0.00   0.00     2719   0.00   0.00     2797   0.00   0.00     2883   0.00   0.00     2946   0.00   0.00    
MCTOP_ALLOC_BW_ROUND_ROBIN_CORES         2532   0.00   0.00     2611   0.00   0.00     2604   0.00   0.00     2653   0.00   0.00     2656   0.00   0.00     2781   0.00   0.00     2822   0.00   0.00     2884   0.00   0.00    
./bin/ol-collab1/wc -- data/wc/300MB_1M_Keys.txt --
Alloc policy                             32                     64                     96                     128                    160                    192                    224                    256                   
MCTOP_ALLOC_NONE                         53492  0.00   0.00     58568  0.00   0.00     70861  0.00   0.00     76161  0.00   0.00     75798  0.00   0.00     75009  0.00   0.00     69527  0.00   0.00     66272  0.00   0.00    
MCTOP_ALLOC_SEQUENTIAL                   32598  0.00   0.00     46301  0.00   0.00     50087  0.00   0.00     51120  0.00   0.00     61661  0.00   0.00     61557  0.00   0.00     67702  0.00   0.00     64179  0.00   0.00    
MCTOP_ALLOC_MIN_LAT_HWCS                 32469  0.00   0.00     46255  0.00   0.00     49811  0.00   0.00     50803  0.00   0.00     61542  0.00   0.00     62226  0.00   0.00     68717  0.00   0.00     64073  0.00   0.00    
MCTOP_ALLOC_MIN_LAT_CORES                59540  0.00   0.00     73511  0.00   0.00     73074  0.00   0.00     73095  0.00   0.00     72698  0.00   0.00     70030  0.00   0.00     65875  0.00   0.00     64509  0.00   0.00    
MCTOP_ALLOC_MIN_LAT_CORES_HWCS_BALANCE   34796  0.00   0.00     46384  0.00   0.00     63428  0.00   0.00     51462  0.00   0.00     60523  0.00   0.00     60560  0.00   0.00     67322  0.00   0.00     64170  0.00   0.00    
MCTOP_ALLOC_BW_ROUND_ROBIN_CORES         59341  0.00   0.00     72430  0.00   0.00     75581  0.00   0.00     72133  0.00   0.00     72559  0.00   0.00     70504  0.00   0.00     67248  0.00   0.00     63646  0.00   0.00    
./bin/ol-collab1/wc -- data/wc/100MB.txt --
Alloc policy                             32                     64                     96                     128                    160                    192                    224                    256                   
MCTOP_ALLOC_NONE                         15549  0.00   0.00     14475  0.00   0.00     17876  0.00   0.00     20476  0.00   0.00     20837  0.00   0.00     21489  0.00   0.00     22703  0.00   0.00     25454  0.00   0.00    
MCTOP_ALLOC_SEQUENTIAL                   11224  0.00   0.00     13037  0.00   0.00     13636  0.00   0.00     16917  0.00   0.00     17997  0.00   0.00     19415  0.00   0.00     22752  0.00   0.00     24330  0.00   0.00    
MCTOP_ALLOC_MIN_LAT_HWCS                 11151  0.00   0.00     13183  0.00   0.00     13526  0.00   0.00     16813  0.00   0.00     19038  0.00   0.00     19898  0.00   0.00     22297  0.00   0.00     23690  0.00   0.00    
MCTOP_ALLOC_MIN_LAT_CORES                19785  0.00   0.00     18573  0.00   0.00     17858  0.00   0.00     18910  0.00   0.00     19328  0.00   0.00     20792  0.00   0.00     22660  0.00   0.00     24177  0.00   0.00    
MCTOP_ALLOC_MIN_LAT_CORES_HWCS_BALANCE   12019  0.00   0.00     13011  0.00   0.00     12750  0.00   0.00     16788  0.00   0.00     18412  0.00   0.00     20116  0.00   0.00     21957  0.00   0.00     25700  0.00   0.00    
MCTOP_ALLOC_BW_ROUND_ROBIN_CORES         19677  0.00   0.00     18869  0.00   0.00     18149  0.00   0.00     19692  0.00   0.00     19021  0.00   0.00     21214  0.00   0.00     22626  0.00   0.00     25104  0.00   0.00    
./bin/ol-collab1/wr -- data/wr/800MB.txt --
Alloc policy                             32                     64                     96                     128                    160                    192                    224                    256                   
MCTOP_ALLOC_NONE                         75215  0.00   0.00     124401 0.00   0.00     157723 0.00   0.00     193255 0.00   0.00     200832 0.00   0.00     204353 0.00   0.00     198961 0.00   0.00     5071263271 0.00   0.00    
MCTOP_ALLOC_SEQUENTIAL                   61061  0.00   0.00     110091 0.00   0.00     143494 0.00   0.00     138757 0.00   0.00     159626 0.00   0.00     166983 0.00   0.00     179987 0.00   0.00     179642 0.00   0.00    
MCTOP_ALLOC_MIN_LAT_HWCS                 60263  0.00   0.00     107922 0.00   0.00     145178 0.00   0.00     141254 0.00   0.00     164137 0.00   0.00     165974 0.00   0.00     178688 0.00   0.00     177363 0.00   0.00    
MCTOP_ALLOC_MIN_LAT_CORES                89205  0.00   0.00     133764 0.00   0.00     155854 0.00   0.00     165439 0.00   0.00     171731 0.00   0.00     178726 0.00   0.00     178461 0.00   0.00     184986 0.00   0.00    
MCTOP_ALLOC_MIN_LAT_CORES_HWCS_BALANCE   65509  0.00   0.00     111316 0.00   0.00     147260 0.00   0.00     140077 0.00   0.00     157353 0.00   0.00     166999 0.00   0.00     176817 0.00   0.00     178728 0.00   0.00    
MCTOP_ALLOC_BW_ROUND_ROBIN_CORES         90654  0.00   0.00     133216 0.00   0.00     152843 0.00   0.00     164248 0.00   0.00     171332 0.00   0.00     176799 0.00   0.00     176909 0.00   0.00     190210 0.00   0.00    
./bin/ol-collab1/wrmem -- -s8192 --
Alloc policy                             32                     64                     96                     128                    160                    192                    224                    256                   
MCTOP_ALLOC_NONE                         154998 0.00   0.00     132166 0.00   0.00     146642 0.00   0.00     161321 0.00   0.00     174791 0.00   0.00     196140 0.00   0.00     201340 0.00   0.00     217681 0.00   0.00    
MCTOP_ALLOC_SEQUENTIAL                   171674 0.00   0.00     165319 0.00   0.00     171631 0.00   0.00     179209 0.00   0.00     198788 0.00   0.00     217076 0.00   0.00     217298 0.00   0.00     225133 0.00   0.00    
MCTOP_ALLOC_MIN_LAT_HWCS                 170674 0.00   0.00     176708 0.00   0.00     170796 0.00   0.00     188640 0.00   0.00     191131 0.00   0.00     221597 0.00   0.00     227585 0.00   0.00     224272 0.00   0.00    
MCTOP_ALLOC_MIN_LAT_CORES                92363  0.00   0.00     124605 0.00   0.00     150396 0.00   0.00     165080 0.00   0.00     187604 0.00   0.00     205505 0.00   0.00     212274 0.00   0.00     218743 0.00   0.00    
MCTOP_ALLOC_MIN_LAT_CORES_HWCS_BALANCE   152489 0.00   0.00     178315 0.00   0.00     165807 0.00   0.00     184557 0.00   0.00     202015 0.00   0.00     222734 0.00   0.00     225125 0.00   0.00     214306 0.00   0.00    
MCTOP_ALLOC_BW_ROUND_ROBIN_CORES         93488  0.00   0.00     126940 0.00   0.00     151809 0.00   0.00     163891 0.00   0.00     188479 0.00   0.00     216518 0.00   0.00     227055 0.00   0.00     227306 0.00   0.00    
./bin/ol-collab1/matrix_mult -- -l3000 --
Alloc policy                             32                     64                     96                     128                    160                    192                    224                    256                   
MCTOP_ALLOC_NONE                         5456   0.00   0.00     5599   0.00   0.00     4815   0.00   0.00     3698   0.00   0.00     203625248 0.00   0.00     6317   0.00   0.00     6857   0.00   0.00     6598   0.00   0.00    
MCTOP_ALLOC_SEQUENTIAL                   19303  0.00   0.00     10952  0.00   0.00     9367   0.00   0.00     7984   0.00   0.00     6925   0.00   0.00     7189   0.00   0.00     6313   0.00   0.00     7028   0.00   0.00    
MCTOP_ALLOC_MIN_LAT_HWCS                 19328  0.00   0.00     11062  0.00   0.00     7564   0.00   0.00     8118   0.00   0.00     6901   0.00   0.00     7340   0.00   0.00     6690   0.00   0.00     6722   0.00   0.00    
MCTOP_ALLOC_MIN_LAT_CORES                3202   0.00   0.00     2926   0.00   0.00     3006   0.00   0.00     5002   0.00   0.00     6572   0.00   0.00     6562   0.00   0.00     6912   0.00   0.00     6940   0.00   0.00    
MCTOP_ALLOC_MIN_LAT_CORES_HWCS_BALANCE   10157  0.00   0.00     10971  0.00   0.00     7376   0.00   0.00     8088   0.00   0.00     7344   0.00   0.00     7035   0.00   0.00     6991   0.00   0.00     6602   0.00   0.00    
MCTOP_ALLOC_BW_ROUND_ROBIN_CORES         3112   0.00   0.00     2986   0.00   0.00     2908   0.00   0.00     5032   0.00   0.00     6636   0.00   0.00     6595   0.00   0.00     6987   0.00   0.00     6968   0.00   0.00    
./bin/ol-collab1/matrix_mult -- -l6000 --
Alloc policy                             32                     64                     96                     128                    160                    192                    224                    256                   
MCTOP_ALLOC_NONE                         49106  0.00   0.00     52836  0.00   0.00     26734  0.00   0.00     27944  0.00   0.00     38582  0.00   0.00     48813  0.00   0.00     51997  0.00   0.00     53399  0.00   0.00    
MCTOP_ALLOC_SEQUENTIAL                   174149 0.00   0.00     95929  0.00   0.00     72213  0.00   0.00     57232  0.00   0.00     49112  0.00   0.00     53157  0.00   0.00     46104  0.00   0.00     53022  0.00   0.00    
MCTOP_ALLOC_MIN_LAT_HWCS                 174098 0.00   0.00     96081  0.00   0.00     63530  0.00   0.00     57844  0.00   0.00     48041  0.00   0.00     53401  0.00   0.00     46901  0.00   0.00     52863  0.00   0.00    
MCTOP_ALLOC_MIN_LAT_CORES                26856  0.00   0.00     24868  0.00   0.00     25325  0.00   0.00     29351  0.00   0.00     41681  0.00   0.00     48669  0.00   0.00     51354  0.00   0.00     53381  0.00   0.00    
MCTOP_ALLOC_MIN_LAT_CORES_HWCS_BALANCE   101336 0.00   0.00     95939  0.00   0.00     57570  0.00   0.00     57465  0.00   0.00     51885  0.00   0.00     53634  0.00   0.00     51220  0.00   0.00     52848  0.00   0.00    
MCTOP_ALLOC_BW_ROUND_ROBIN_CORES         26919  0.00   0.00     24904  0.00   0.00     25362  0.00   0.00     29446  0.00   0.00     41993  0.00   0.00     48689  0.00   0.00     51580  0.00   0.00     53331  0.00   0.00    
./bin/ol-collab1/wsearchmem -- -i8192 --
Alloc policy                             32                     64                     96                     128                    160                    192                    224                    256                   
MCTOP_ALLOC_NONE                         1764   0.00   0.00     967    0.00   0.00     710    0.00   0.00     603    0.00   0.00     661    0.00   0.00     702    0.00   0.00     759    0.00   0.00     822    0.00   0.00    
MCTOP_ALLOC_SEQUENTIAL                   3627   0.00   0.00     1864   0.00   0.00     1355   0.00   0.00     1051   0.00   0.00     1047   0.00   0.00     907    0.00   0.00     924    0.00   0.00     910    0.00   0.00    
MCTOP_ALLOC_MIN_LAT_HWCS                 3685   0.00   0.00     1926   0.00   0.00     1349   0.00   0.00     1193   0.00   0.00     976    0.00   0.00     989    0.00   0.00     863    0.00   0.00     989    0.00   0.00    
MCTOP_ALLOC_MIN_LAT_CORES                630    0.00   0.00     555    0.00   0.00     575    0.00   0.00     646    0.00   0.00     687    0.00   0.00     700    0.00   0.00     742    0.00   0.00     853    0.00   0.00    
MCTOP_ALLOC_MIN_LAT_CORES_HWCS_BALANCE   1968   0.00   0.00     1969   0.00   0.00     1056   0.00   0.00     1130   0.00   0.00     953    0.00   0.00     902    0.00   0.00     782    0.00   0.00     879    0.00   0.00    
MCTOP_ALLOC_BW_ROUND_ROBIN_CORES         650    0.00   0.00     601    0.00   0.00     563    0.00   0.00     609    0.00   0.00     658    0.00   0.00     698    0.00   0.00     860    0.00   0.00     828    0.00   0.00    
./bin/ol-collab1/wsearchmem -- -i32768 --
Alloc policy                             32                     64                     96                     128                    160                    192                    224                    256                   
MCTOP_ALLOC_NONE                         7202   0.00   0.00     3684   0.00   0.00     2519   0.00   0.00     1939   0.00   0.00     1976   0.00   0.00     2012   0.00   0.00     2063   0.00   0.00     2152   0.00   0.00    
MCTOP_ALLOC_SEQUENTIAL                   14259  0.00   0.00     7209   0.00   0.00     4872   0.00   0.00     3725   0.00   0.00     3163   0.00   0.00     2734   0.00   0.00     2383   0.00   0.00     2314   0.00   0.00    
MCTOP_ALLOC_MIN_LAT_HWCS                 14168  0.00   0.00     7158   0.00   0.00     4873   0.00   0.00     3767   0.00   0.00     3194   0.00   0.00     2716   0.00   0.00     2380   0.00   0.00     2181   0.00   0.00    
MCTOP_ALLOC_MIN_LAT_CORES                2405   0.00   0.00     2068   0.00   0.00     1930   0.00   0.00     1924   0.00   0.00     2090   0.00   0.00     2106   0.00   0.00     2113   0.00   0.00     2430   0.00   0.00    
MCTOP_ALLOC_MIN_LAT_CORES_HWCS_BALANCE   7215   0.00   0.00     7235   0.00   0.00     3740   0.00   0.00     3822   0.00   0.00     2583   0.00   0.00     2753   0.00   0.00     2112   0.00   0.00     2230   0.00   0.00    
MCTOP_ALLOC_BW_ROUND_ROBIN_CORES         2487   0.00   0.00     2023   0.00   0.00     1944   0.00   0.00     1920   0.00   0.00     2001   0.00   0.00     2115   0.00   0.00     2115   0.00   0.00     2227   0.00   0.00    
./bin/ol-collab1/matrix_mult2 -- -l3000 --
Alloc policy                             32                     64                     96                     128                    160                    192                    224                    256                   
MCTOP_ALLOC_NONE                         3324   0.00   0.00     3412   0.00   0.00     2689   0.00   0.00     4646694351 0.00   0.00     3627   0.00   0.00     4773   0.00   0.00     5479   0.00   0.00     5154   0.00   0.00    
MCTOP_ALLOC_SEQUENTIAL                   14159  0.00   0.00     8704   0.00   0.00     7519   0.00   0.00     7077   0.00   0.00     6248   0.00   0.00     6244   0.00   0.00     5501   0.00   0.00     5650   0.00   0.00    
MCTOP_ALLOC_MIN_LAT_HWCS                 14102  0.00   0.00     8685   0.00   0.00     6445   0.00   0.00     6979   0.00   0.00     5685   0.00   0.00     6383   0.00   0.00     5264   0.00   0.00     5807   0.00   0.00    
MCTOP_ALLOC_MIN_LAT_CORES                1739   0.00   0.00     1863   0.00   0.00     2544   0.00   0.00     3104   0.00   0.00     3979   0.00   0.00     5438   0.00   0.00     5620   0.00   0.00     5897   0.00   0.00    
MCTOP_ALLOC_MIN_LAT_CORES_HWCS_BALANCE   8362   0.00   0.00     8752   0.00   0.00     6918   0.00   0.00     7062   0.00   0.00     6331   0.00   0.00     6208   0.00   0.00     5450   0.00   0.00     5813   0.00   0.00    
MCTOP_ALLOC_BW_ROUND_ROBIN_CORES         1776   0.00   0.00     1819   0.00   0.00     2517   0.00   0.00     3197   0.00   0.00     3887   0.00   0.00     5414   0.00   0.00     5515   0.00   0.00     5681   0.00   0.00    
./bin/ol-collab1/matrix_mult2 -- -l6000 --
Alloc policy                             32                     64                     96                     128                    160                    192                    224                    256                   
MCTOP_ALLOC_NONE                         27533  0.00   0.00     49868  0.00   0.00     19525  0.00   0.00     27466  0.00   0.00     37299  0.00   0.00     48688  0.00   0.00     56403  0.00   0.00     55531  0.00   0.00    
MCTOP_ALLOC_SEQUENTIAL                   122012 0.00   0.00     72258  0.00   0.00     65786  0.00   0.00     58725  0.00   0.00     53323  0.00   0.00     56002  0.00   0.00     49725  0.00   0.00     55152  0.00   0.00    
MCTOP_ALLOC_MIN_LAT_HWCS                 122509 0.00   0.00     72481  0.00   0.00     54942  0.00   0.00     59010  0.00   0.00     49690  0.00   0.00     55559  0.00   0.00     47358  0.00   0.00     56009  0.00   0.00    
MCTOP_ALLOC_MIN_LAT_CORES                13653  0.00   0.00     14712  0.00   0.00     22818  0.00   0.00     28524  0.00   0.00     47492  0.00   0.00     57404  0.00   0.00     56252  0.00   0.00     54666  0.00   0.00    
MCTOP_ALLOC_MIN_LAT_CORES_HWCS_BALANCE   75607  0.00   0.00     72231  0.00   0.00     60634  0.00   0.00     59047  0.00   0.00     57608  0.00   0.00     56003  0.00   0.00     56238  0.00   0.00     55017  0.00   0.00    
MCTOP_ALLOC_BW_ROUND_ROBIN_CORES         13630  0.00   0.00     14660  0.00   0.00     22925  0.00   0.00     28066  0.00   0.00     45352  0.00   0.00     57585  0.00   0.00     55730  0.00   0.00     55259  0.00   0.00    
./bin/ol-collab1/hist -- hist-2.6g.bmp --
Alloc policy                             32                     64                     96                     128                    160                    192                    224                    256                   
MCTOP_ALLOC_NONE                         0      0.00   0.00     0      0.00   0.00     0      0.00   0.00     0      0.00   0.00     0      0.00   0.00     0      0.00   0.00     0      0.00   0.00     0      0.00   0.00    
MCTOP_ALLOC_SEQUENTIAL                   0      0.00   0.00     0      0.00   0.00     0      0.00   0.00     0      0.00   0.00     0      0.00   0.00     0      0.00   0.00     0      0.00   0.00     0      0.00   0.00    
MCTOP_ALLOC_MIN_LAT_HWCS                 0      0.00   0.00     0      0.00   0.00     0      0.00   0.00     0      0.00   0.00     0      0.00   0.00     0      0.00   0.00     0      0.00   0.00     0      0.00   0.00    
MCTOP_ALLOC_MIN_LAT_CORES                0      0.00   0.00     0      0.00   0.00     0      0.00   0.00     0      0.00   0.00     0      0.00   0.00     0      0.00   0.00     0      0.00   0.00     0      0.00   0.00    
MCTOP_ALLOC_MIN_LAT_CORES_HWCS_BALANCE   0      0.00   0.00     0      0.00   0.00     0      0.00   0.00     0      0.00   0.00     0      0.00   0.00     0      0.00   0.00     0      0.00   0.00     0      0.00   0.00    
MCTOP_ALLOC_BW_ROUND_ROBIN_CORES         0      0.00   0.00     0      0.00   0.00     0      0.00   0.00     0      0.00   0.00     0      0.00   0.00     0      0.00   0.00     0      0.00   0.00     0      0.00   0.00    
./bin/ol-collab1/linear_regression -- data/lr_4GB.txt --
Alloc policy                             32                     64                     96                     128                    160                    192                    224                    256                   
MCTOP_ALLOC_NONE                         8911   0.00   0.00     832    0.00   0.00     886    0.00   0.00     973    0.00   0.00     1007   0.00   0.00     1110   0.00   0.00     1156   0.00   0.00     1259   0.00   0.00    
MCTOP_ALLOC_SEQUENTIAL                   1969   0.00   0.00     1069   0.00   0.00     992    0.00   0.00     1026   0.00   0.00     1154   0.00   0.00     1173   0.00   0.00     1341   0.00   0.00     1344   0.00   0.00    
MCTOP_ALLOC_MIN_LAT_HWCS                 1984   0.00   0.00     1131   0.00   0.00     923    0.00   0.00     1024   0.00   0.00     1237   0.00   0.00     1138   0.00   0.00     1262   0.00   0.00     1402   0.00   0.00    
MCTOP_ALLOC_MIN_LAT_CORES                816    0.00   0.00     921    0.00   0.00     907    0.00   0.00     967    0.00   0.00     1042   0.00   0.00     1129   0.00   0.00     1225   0.00   0.00     1288   0.00   0.00    
MCTOP_ALLOC_MIN_LAT_CORES_HWCS_BALANCE   1096   0.00   0.00     1158   0.00   0.00     851    0.00   0.00     953    0.00   0.00     1021   0.00   0.00     1111   0.00   0.00     1266   0.00   0.00     1490   0.00   0.00    
MCTOP_ALLOC_BW_ROUND_ROBIN_CORES         825    0.00   0.00     855    0.00   0.00     905    0.00   0.00     948    0.00   0.00     1138   0.00   0.00     1125   0.00   0.00     1248   0.00   0.00     1376   0.00   0.00    
./bin/ol-collab1/string_match -- data/sm_1GB.txt --
Alloc policy                             32                     64                     96                     128                    160                    192                    224                    256                   
MCTOP_ALLOC_NONE                         4075   0.00   0.00     814    0.00   0.00     629    0.00   0.00     551    0.00   0.00     572    0.00   0.00     614    0.00   0.00     668    0.00   0.00     4849306406 0.00   0.00    
MCTOP_ALLOC_SEQUENTIAL                   2956   0.00   0.00     1568   0.00   0.00     1102   0.00   0.00     978    0.00   0.00     793    0.00   0.00     755    0.00   0.00     726    0.00   0.00     888    0.00   0.00    
MCTOP_ALLOC_MIN_LAT_HWCS                 2960   0.00   0.00     1578   0.00   0.00     1106   0.00   0.00     974    0.00   0.00     894    0.00   0.00     841    0.00   0.00     724    0.00   0.00     729    0.00   0.00    
MCTOP_ALLOC_MIN_LAT_CORES                828    0.00   0.00     531    0.00   0.00     500    0.00   0.00     518    0.00   0.00     628    0.00   0.00     619    0.00   0.00     667    0.00   0.00     798    0.00   0.00    
MCTOP_ALLOC_MIN_LAT_CORES_HWCS_BALANCE   1540   0.00   0.00     1553   0.00   0.00     865    0.00   0.00     918    0.00   0.00     755    0.00   0.00     863    0.00   0.00     666    0.00   0.00     715    0.00   0.00    
MCTOP_ALLOC_BW_ROUND_ROBIN_CORES         805    0.00   0.00     562    0.00   0.00     505    0.00   0.00     537    0.00   0.00     618    0.00   0.00     706    0.00   0.00     769    0.00   0.00     850    0.00   0.00    
./bin/ol-collab1/pca -- -R 32 -C 32 --
Alloc policy                             32                     64                     96                     128                    160                    192                    224                    256                   
MCTOP_ALLOC_NONE                         0      0.00   0.00     0      0.00   0.00     0      0.00   0.00     0      0.00   0.00    